0 0.9 2.351666666666667 2.408202603141558 8.775 1.141 0 0
10 1.8 1.2298333333333331 0.1280339581690906 8.775 1.059 2.351666666666667 9
20 0.3 1.1956666666666667 0.027194770739161538 8.775 1.059 1.6037777777777777 27
30 0.7 1.3024285714285715 0.09901350144999292 8.775 1.059 1.5629666666666666 30
40 2.1 1.2989523809523806 0.14769707615201752 8.775 1.059 1.5136756756756757 37
50 2.2 1.257545454545454 0.17149230761246384 8.775 0.968 1.4359310344827585 58
60 2.4 1.5538750000000006 1.4615097021145638 8.775 0.968 1.3868749999999999 80
70 3.7 1.2094594594594603 0.43461953505147055 8.775 0.912 1.4254134615384615 104
80 5.3 1.1379433962264147 0.10050765766270256 8.775 0.86 1.368744680851064 141
90 7.9 1.1218354430379742 0.16209502060771755 8.775 0.86 1.3056907216494846 194
100 7.2 1.2585138888888894 0.27614710215629806 8.775 0.86 1.2524871794871795 273
110 9.3 1.2810107526881729 1.056593272726266 9.854 0.86 1.253744927536232 345
120 12.2 1.273614754098361 0.8677734032882362 9.854 0.853 1.2595342465753427 438
130 16.1 1.4613726708074541 1.1356474270246788 9.854 0.853 1.2626017857142862 560
140 13.8 1.4848405797101452 1.1042469809218527 9.854 0.853 1.3069875173370324 721
150 81.7 1.393638922888619 1.2998098997069045 14.021 0.687 1.3355599534342264 859
160 219.3 1.641863201094395 1.7710743521024266 16.074 0.663 1.3638717183770894 1676
170 326.3 1.6277281642660149 1.6955289420905357 16.933 0.591 1.521440940811582 3869
180 303.3 1.5577451368282198 1.566440869515671 16.933 0.577 1.570068984856985 7132
190 234.1 3.3829085860743278 6.697084785156916 55.162 0.577 1.5663918347270054 10165
200 170.6 1.4477549824150053 1.2327803461833358 55.162 0.577 1.9064258755797225 12506
210 87.8 1.3544783599088832 1.1801366581849075 55.162 0.577 1.8513672952434568 14212
220 13.1 1.3526870229007641 0.7406933319323182 55.162 0.577 1.8224561961563956 15090
230 0 0 0 55.162 0.577 1.8184131134616655 15221
240 0 0 0 55.162 0.577 1.8184131134616655 15221
250 0 0 0 55.162 0.577 1.8184131134616655 15221
260 0 0 0 55.162 0.577 1.8184131134616655 15221
270 0 0 0 55.162 0.577 1.8184131134616655 15221
280 0 0 0 55.162 0.577 1.8184131134616655 15221
281 0 0 0 55.162 0.577 1.8184131134616655 15221
