0 0.1 1.8357385398981325 0 1.8357385398981325 1.8357385398981325 0 0
10 0.1 0.8008008008008007 0.0 1.8357385398981325 0.8008008008008007 1.8357385398981325 1
20 0.1 3.106212424849699 0.0 3.106212424849699 0.8008008008008007 1.3182696703494665 2
30 0.1 0.7021063189568706 0.0 3.106212424849699 0.7021063189568706 1.9142505885162109 3
40 0.1 0.8040201005025126 0.0 3.106212424849699 0.7021063189568706 1.6112145211263758 4
50 0.1 1.6016016016016015 0.0 3.106212424849699 0.7021063189568706 1.449775637001603 5
60 0.1 2.2977022977022976 0.0 3.106212424849699 0.7021063189568706 1.4750799644349362 6
70 0.1 4.083665338645418 0.0 4.083665338645418 0.7021063189568706 1.5925974406159877 7
80 0.1 2.106318956870612 0.0 4.083665338645418 0.7021063189568706 1.9039809278696667 8
90 0.1 2.6026026026026026 0.0 4.083665338645418 0.7021063189568706 1.926462931091994 9
100 0.1 3.413654618473896 0.0 4.083665338645418 0.7021063189568706 1.9940768982430548 10
110 0.1 5.628140703517588 0.0 5.628140703517588 0.7021063189568706 2.1231294182640403 11
120 0.1 8.185404339250493 0.0 8.185404339250493 0.7021063189568706 2.4152136920351692 12
130 0.1 10.56268509378085 0.0 10.56268509378085 0.7021063189568706 2.8590745110517326 13
140 0.1 12.376237623762377 0.0 12.376237623762377 0.7021063189568706 3.409332409818098 14
150 0.1 14.047151277013754 0.0 14.047151277013754 0.7021063189568706 4.007126090747716 15
160 0.1 22.50252270433905 0.0 22.50252270433905 0.7021063189568706 4.634627664889344 16
170 0.1 31.809145129224653 0.0 31.809145129224653 0.7021063189568706 5.685680314268738 17
180 0.1 35.509396636993074 0.0 35.509396636993074 0.7021063189568706 7.136983915099622 18
190 0.1 29.858299595141702 0.0 35.509396636993074 0.7021063189568706 8.630268795199276 19
200 0.1 32.15725806451613 0.0 35.509396636993074 0.7021063189568706 9.691670335196397 20
210 0.1 23.53525322740814 0.0 35.509396636993074 0.7021063189568706 10.761460227068765 21
220 0.1 20.44790652385589 0.0 35.509396636993074 0.7021063189568706 11.342087181629646 22
230 0.1 16.200578592092572 0.0 35.509396636993074 0.7021063189568706 11.737992370422091 23
240 0.1 13.228035538005923 0.0 35.509396636993074 0.7021063189568706 11.923933462991696 24
250 0.1 11.04594330400782 0.0 35.509396636993074 0.7021063189568706 11.976097545992266 25
260 0.1 8.687068114511352 0.0 35.509396636993074 0.7021063189568706 11.940322382839017 26
270 0.1 3.8038038038038042 0.0 35.509396636993074 0.7021063189568706 11.819831484012068 27
280 0.1 1.3972055888223553 0.0 35.509396636993074 0.7021063189568706 11.533544781147487 28
