0 0.1 3518.08984375 0 3518.08984375 3518.08984375 0 0
10 0.1 3520.50390625 0.0 3520.50390625 3518.08984375 3518.08984375 1
20 0.1 3514.171875 0.0 3520.50390625 3514.171875 3519.296875 2
30 0.1 3510.57421875 0.0 3520.50390625 3510.57421875 3517.5885416666665 3
40 0.1 3508.25390625 0.0 3520.50390625 3508.25390625 3515.8349609375 4
50 0.1 3500.8515625 0.0 3520.50390625 3500.8515625 3514.31875 5
60 0.1 3491.0859375 0.0 3520.50390625 3491.0859375 3512.07421875 6
70 0.1 3472.37109375 0.0 3520.50390625 3472.37109375 3509.0758928571427 7
80 0.1 3463.83203125 0.0 3520.50390625 3463.83203125 3504.48779296875 8
90 0.1 3448.86328125 0.0 3520.50390625 3448.86328125 3499.9704861111113 9
100 0.1 3434.16015625 0.0 3520.50390625 3434.16015625 3494.859765625 10
110 0.1 3409.71484375 0.0 3520.50390625 3409.71484375 3489.341619318182 11
120 0.1 3405.03515625 0.0 3520.50390625 3405.03515625 3482.7060546875 12
130 0.1 3384.48828125 0.0 3520.50390625 3384.48828125 3476.7313701923076 13
140 0.1 3342.85546875 0.0 3520.50390625 3342.85546875 3470.142578125 14
150 0.1 3324.33984375 0.0 3520.50390625 3324.33984375 3461.656770833333 15
160 0.1 3287.91015625 0.0 3520.50390625 3287.91015625 3453.074462890625 16
170 0.1 3251.453125 0.0 3520.50390625 3251.453125 3443.3589154411766 17
180 0.1 3229.75 0.0 3520.50390625 3229.75 3432.6974826388887 18
190 0.1 3222.17578125 0.0 3520.50390625 3222.17578125 3422.0160361842104 19
200 0.1 3214.19140625 0.0 3520.50390625 3214.19140625 3412.0240234375 20
210 0.1 3208.9375 0.0 3520.50390625 3208.9375 3402.6034226190477 21
220 0.1 3205.640625 0.0 3520.50390625 3205.640625 3393.8004261363635 22
230 0.1 3203.08984375 0.0 3520.50390625 3203.08984375 3385.6195652173915 23
240 0.1 3201.51171875 0.0 3520.50390625 3201.51171875 3378.01416015625 24
250 0.1 3198.609375 0.0 3520.50390625 3198.609375 3370.9540625 25
260 0.1 3202.1171875 0.0 3520.50390625 3198.609375 3364.325420673077 26
270 0.1 3233.92578125 0.0 3520.50390625 3198.609375 3358.3177083333335 27
280 0.1 3295.515625 0.0 3520.50390625 3198.609375 3353.8751395089284 28
