0 0.1 0.0 0 0.0 0.0 0 0
10 0.1 0.0 0.0 0.0 0.0 0.0 1
20 0.1 0.0 0.0 0.0 0.0 0.0 2
30 0.1 0.0 0.0 0.0 0.0 0.0 3
40 0.1 0.0 0.0 0.0 0.0 0.0 4
50 0.1 0.0 0.0 0.0 0.0 0.0 5
60 0.1 0.0 0.0 0.0 0.0 0.0 6
70 0.1 0.0 0.0 0.0 0.0 0.0 7
80 0.1 0.0 0.0 0.0 0.0 0.0 8
90 0.1 0.0 0.0 0.0 0.0 0.0 9
100 0.1 0.0 0.0 0.0 0.0 0.0 10
110 0.1 0.0 0.0 0.0 0.0 0.0 11
120 0.1 0.0 0.0 0.0 0.0 0.0 12
130 0.1 0.16015625 0.0 0.16015625 0.0 0.0 13
140 0.1 0.12890625 0.0 0.16015625 0.0 0.011439732142857142 14
150 0.1 0.19140625 0.0 0.19140625 0.0 0.019270833333333334 15
160 0.1 0.3203125 0.0 0.3203125 0.0 0.030029296875 16
170 0.1 0.3515625 0.0 0.3515625 0.0 0.047104779411764705 17
180 0.1 0.2890625 0.0 0.3515625 0.0 0.06401909722222222 18
190 0.1 0.328125 0.0 0.3515625 0.0 0.07586348684210527 19
200 0.1 0.51171875 0.0 0.51171875 0.0 0.0884765625 20
210 0.1 0.578125 0.0 0.578125 0.0 0.10863095238095238 21
220 0.1 0.48828125 0.0 0.578125 0.0 0.1299715909090909 22
230 0.1 0.41015625 0.0 0.578125 0.0 0.14555027173913043 23
240 0.1 0.3515625 0.0 0.578125 0.0 0.15657552083333334 24
250 0.1 0.2890625 0.0 0.578125 0.0 0.164375 25
260 0.1 0.25 0.0 0.578125 0.0 0.16917067307692307 26
270 0.1 0.2109375 0.0 0.578125 0.0 0.17216435185185186 27
280 0.1 0.1796875 0.0 0.578125 0.0 0.17354910714285715 28
