0 3.5 49.638000000000005 84.15291158327713 329.548 7.248 0 0
10 10.4 89.56798076923079 117.96372309910993 567.987 6.854 49.638000000000005 35
20 14.5 98.54906896551725 112.77761970237344 567.987 6.854 79.51366906474821 139
30 18.4 95.47184239130438 112.10492722397902 576.409 6.854 89.2324471830986 284
40 24.9 179.9919919678715 189.1958022659598 978.076 6.854 91.68554273504276 468
50 29.9 239.8132441471575 214.39723427237283 978.076 6.854 122.35263598326364 717
60 32.4 706.3206666666669 454.870518758408 2205.938 6.854 156.92027559055128 1016
70 34 1812.8557764705884 889.6157975145178 4997.944 6.854 289.76037014925384 1340
80 35.8 2332.1863910614534 866.7515190139706 5642.845 6.854 598.0058690476191 1680
90 47.4 2888.0601497890266 1821.553688241335 8319.721 0.55 902.6362060843967 2038
100 79.7 1866.4980238393955 2286.9308605266556 9488.036 0.549 1277.2743228503182 2512
110 126.9 1332.9838802206486 2420.7611064285697 11445.148 0.534 1419.1937213659708 3309
120 175.3 969.8664917284646 1913.3525482150997 11445.148 0.515 1395.2967601572739 4578
130 251.4 643.9073500397772 1446.0762309315326 11445.148 0.515 1277.4987407992414 6331
140 320.7 496.2812354225122 1210.4295196683458 11445.148 0.515 1097.4140877331822 8845
150 454.6 371.0747551693791 971.7195407856593 11445.148 0.515 937.4544912047787 12052
160 596.8 265.5449519101881 964.7566677073872 11445.148 0.515 782.329640016869 16598
170 691.1 231.259911879612 802.0474362574156 11445.148 0.515 645.6562810422756 22566
180 678.8 268.4536985857405 795.2551455316172 11445.148 0.515 548.4994025511412 29477
190 597.9 261.37220588727297 596.8379087476145 11445.148 0.515 496.08108630911335 36265
200 524.8 306.1025358231699 611.0184511454554 11445.148 0.515 462.86159014297886 42244
210 448 360.9657178571422 599.8512299120712 11445.148 0.515 445.5392723406046 47492
220 371.6 436.16896286329336 664.6596993981656 11445.148 0.515 438.24900981297606 51972
230 257.9 629.8006808840659 673.8024094528959 11445.148 0.515 438.110210530096 55688
240 160.9 979.768136109385 599.8261752263785 11445.148 0.515 446.59476822214964 58267
250 114.9 490.7538677110525 405.70640712320494 11445.148 0.515 460.92231095931584 59876
260 49.3 35.53575659229216 53.12119255242934 11445.148 0.515 461.4839899221629 61025
270 10 16.39017 29.002086965615074 11445.148 0.515 458.0704771449005 61518
280 1.8 23.971333333333334 33.02454459606941 11445.148 0.515 457.35367311499874 61618
281 0 0 0 11445.148 0.515 457.22710938412604 61636
