10 0.1 154 0 154 154 0 0
20 0.1 583.0 0.0 583 154 154.0 1
30 0.1 818.0 0.0 818 154 368.5 2
40 0.1 1388.0 0.0 1388 154 518.3333333333334 3
50 0.1 1615.0 0.0 1615 154 735.75 4
60 0.1 2096.0 0.0 2096 154 911.6 5
70 0.1 2495.0 0.0 2495 154 1109.0 6
80 0.1 2325.0 0.0 2495 154 1307.0 7
90 0.1 2238.0 0.0 2495 154 1434.25 8
100 0.1 2495.0 0.0 2495 154 1523.5555555555557 9
110 0.1 2809.0 0.0 2809 154 1620.7 10
120 0.1 3316.0 0.0 3316 154 1728.7272727272727 11
130 0.1 5139.0 0.0 5139 154 1861.0 12
140 0.1 5873.0 0.0 5873 154 2113.153846153846 13
150 0.1 6469.0 0.0 6469 154 2381.714285714286 14
160 0.1 13166.0 0.0 13166 154 2654.2 15
170 0.1 20005.0 0.0 20005 154 3311.1875 16
180 0.1 25636.0 0.0 25636 154 4293.176470588235 17
190 0.1 26421.0 0.0 26421 154 5478.888888888889 18
200 0.1 23924.0 0.0 26421 154 6581.105263157895 19
210 0.1 18475.0 0.0 26421 154 7448.25 20
220 0.1 13583.0 0.0 26421 154 7973.333333333333 21
230 0.1 9899.0 0.0 26421 154 8228.318181818182 22
240 0.1 8692.0 0.0 26421 154 8300.95652173913 23
250 0.1 7432.0 0.0 26421 154 8317.25 24
260 0.1 6412.0 0.0 26421 154 8281.84 25
270 0.1 2448.0 0.0 26421 154 8209.923076923076 26
280 0.1 607.0 0.0 26421 154 7996.518518518517 27
