0 3.5 49.638000000000005 84.15291158327713 329.548 7.248 0 0
10 10.6 87.87672641509438 111.39657146510329 448.643 6.854 49.638000000000005 35
20 15.5 92.89756129032256 109.66321625107534 457.541 6.854 78.38484397163124 141
30 20.4 85.56595098039213 101.39995417597464 513.462 6.854 85.98440878378379 296
40 26.3 170.4076577946767 170.88915909301525 769.409 6.854 85.81367799999998 500
50 32.1 223.37350155763266 180.46329425199235 769.409 6.854 114.97254652686757 763
60 35.1 664.1803247863251 375.9314493020488 1462.522 6.854 147.0728293357934 1084
70 36.6 1719.1165874316946 731.9402500666087 3213.805 6.854 273.55696236933807 1435
80 37.4 2218.8979385026723 602.7145565648067 3213.805 6.854 567.3242154358691 1801
90 49.8 2795.6157951807186 1644.899243321793 4701.788 0.514 851.31896137931 2175
100 83.4 1783.4000659472404 2145.757268922829 5715.176 0.514 1213.5560819304142 2673
110 135 1247.6066814814837 2214.588677910944 6781.164 0.514 1349.0707333903608 3507
120 188.5 906.8821485411127 1724.0355394360986 6781.164 0.514 1320.8688659666457 4857
130 272.6 587.1615392516509 1314.6965829608746 6781.164 0.509 1205.1220605161666 6742
140 345.2 460.2753789107761 1120.133938569975 6781.164 0.489 1027.2006007604557 9468
150 495.4 339.7563350827625 886.4832817129887 6781.164 0.489 875.7280105263153 12920
160 642 248.55044579439263 905.8577901097564 6781.164 0.153 727.1768367461117 17874
170 757.5 211.3020763036302 727.5706136729012 6781.164 0.153 600.6936956450153 24294
180 758.3 238.33976579190275 707.2597045086835 6781.164 0.153 508.1385004236091 31869
190 671.6 232.71378126861157 537.5012575141889 6781.164 0.153 456.2809569603569 39452
200 589.7 274.0213576394765 537.427222920279 6781.164 0.153 423.75892542453636 46168
210 503.2 319.84747158187633 518.8100618355052 6781.164 0.153 406.79930884471304 52065
220 419.1 386.3298678119777 574.2710801728542 6781.164 0.153 399.1361803947666 57097
230 292.6 556.5672703349268 564.5975152941375 6781.164 0.153 398.2604582952615 61288
240 184.5 855.763376693768 450.6838414304497 6781.164 0.153 405.4739278194784 64214
250 133.8 407.36510911808676 297.2465961575124 6781.164 0.153 418.0503221514099 66059
260 58.1 30.125791738382105 42.71827047737268 6781.164 0.153 417.8381937920083 67397
270 12.3 13.312691056910573 20.812079438512644 6781.164 0.153 414.5244613257228 67978
280 2.3 18.746652173913045 26.421612769800365 6781.164 0.153 413.79981634630894 68101
281 0 0 0 6781.164 0.153 413.66643864130094 68124
