10 0.1 169 0 169 169 0 0
20 0.1 496.0 0.0 496 169 169.0 1
30 0.1 564.0 0.0 564 169 332.5 2
40 0.1 875.0 0.0 875 169 409.6666666666667 3
50 0.1 1052.0 0.0 1052 169 526.0 4
60 0.1 1402.0 0.0 1402 169 631.2 5
70 0.1 1604.0 0.0 1604 169 759.6666666666666 6
80 0.1 1609.0 0.0 1609 169 880.2857142857143 7
90 0.1 1664.0 0.0 1664 169 971.375 8
100 0.1 2019.0 0.0 2019 169 1048.3333333333333 9
110 0.1 2633.0 0.0 2633 169 1145.4 10
120 0.1 3518.0 0.0 3518 169 1280.6363636363637 11
130 0.1 5368.0 0.0 5368 169 1467.0833333333333 12
140 0.1 6892.0 0.0 6892 169 1767.1538461538462 13
150 0.1 8173.0 0.0 8173 169 2133.214285714286 14
160 0.1 15214.0 0.0 15214 169 2535.866666666667 15
170 0.1 22685.0 0.0 22685 169 3328.25 16
180 0.1 28306.0 0.0 28306 169 4466.882352941177 17
190 0.1 27612.0 0.0 28306 169 5791.277777777777 18
200 0.1 24532.0 0.0 28306 169 6939.736842105263 19
210 0.1 1.89e4 0.0 28306 169 7819.35 20
220 0.1 14146.0 0.0 28306 169 8347.0 21
230 0.1 9967.0 0.0 28306 169 8610.59090909091 22
240 0.1 7498.0 0.0 28306 169 8669.565217391306 23
250 0.1 5295.0 0.0 28306 169 8620.750000000002 24
260 0.1 4175.0 0.0 28306 169 8487.720000000003 25
270 0.1 1794.0 0.0 28306 169 8321.846153846158 26
280 0.1 419.0 0.0 28306 169 8080.074074074078 27
