50 0.1 53690.314 0 53690.314 53690.314 0 0
60 0 0 0 53690.314 53690.314 53690.314 1
70 0.1 71010.095 0.0 71010.095 53690.314 53690.314 1
80 0.1 75628.99 0.0 75628.99 53690.314 62350.2045 2
90 0.3 86722.02266666667 547.2281646755938 87495.678 53690.314 66776.46633333333 3
100 0.4 94280.83725 5007.718153830412 101540.492 53690.314 76749.2445 6
110 1.1 101980.18672727272 5174.928245444678 111909.134 53690.314 83761.8816 10
120 0.4 106154.09275 5165.116577100091 111909.134 53690.314 93304.80333333333 21
130 0.9 109974.03866666666 13982.456051437386 134096.271 53690.314 95360.68964 25
140 0.8 109903.18987499998 11676.38799980327 134096.271 53690.314 99228.92908823528 34
150 1.5 100845.0622 15594.252084448344 134096.271 53690.314 101262.1216190476 42
160 3 98710.24716666664 16459.348251334555 134096.271 53690.314 101152.36914035087 57
170 6.2 97404.74354838714 18083.15819544553 134096.271 53690.314 100310.25811494251 87
180 9.1 90850.94370329671 16435.853519410502 140413.606 53690.314 99101.25205369129 149
190 13.8 88151.87921739127 18889.171549540144 140413.606 42802.423 95973.01013750001 240
200 15 82941.77072666671 14365.994388899542 140413.606 42802.423 93117.67662698413 378
210 16.7 82620.06602395215 16604.93253990248 140413.606 42802.423 90226.79426893941 528
220 18.5 78249.11490270268 12191.619981624002 140413.606 42802.423 88398.99050359715 695
230 21.5 81151.67607906976 11346.213150256996 140413.606 42802.423 86265.2098375 880
240 18.8 85528.53432446806 9538.318311023744 140413.606 42802.423 85261.18266118721 1095
250 19.6 91797.42214795924 8533.427573628212 140413.606 42802.423 85300.35811925174 1283
260 10.1 97709.3158910891 7188.579404857504 140413.606 42802.423 86161.36187153483 1479
270 3.3 103654.65109090903 4704.065390302923 140413.606 42802.423 86899.55386898735 1580
280 0.9 112073.70244444444 3904.682560292595 140413.606 42802.423 87242.34259082456 1613
281 0 0 0 140413.606 42802.423 87380.1244889026 1622
