0 51.059375 51.059375
10 223.6796875 274.7390625
20 587.15546875 861.89453125
30 1148.83984375 2010.734375
40 906.1859375 2916.9203125
50 1354.57890625 4271.49921875
60 1666.50703125 5938.00625
70 1666.7296875 7604.7359375
80 1214.00390625 8818.73984375
90 1383.671875 10202.41171875
100 1276.69296875 11479.1046875
110 1545.3609375 13024.465625
120 2335.471875 15359.9375
130 2543.68828125 17903.62578125
140 2433.1609375 20336.78671875
150 3537.25078125 23874.0375
160 3035.125 26909.1625
170 3822.528125 30731.690625
180 5663.61015625 36395.30078125
190 5690.346875 42085.64765625
200 5345.51171875 47431.159375
210 4696.10625 52127.265625
220 4745.340625 56872.60625
230 4586.70703125 61459.31328125
240 4546.11484375 66005.428125
250 4793.7078125 70799.1359375
260 2311.5390625 73110.675
270 562.8234375 73673.4984375
280 160.35703125 73833.85546875
281 0 73833.85546875
