0 17.0453125 17.0453125
10 61.43671875 78.48203125
20 116.6921875 195.17421875
30 137.04765625 332.221875
40 171.80078125 504.02265625
50 219.103125 723.12578125
60 267.1421875 990.26796875
70 247.44140625 1237.709375
80 264.04921875 1501.75859375
90 313.275 1815.03359375
100 496.678125 2311.71171875
110 756.76484375 3068.4765625
120 1031.6453125 4100.121875
130 1439.87421875 5539.99609375
140 1788.796875 7328.79296875
150 2400.22890625 9729.021875
160 2916.6546875 12645.6765625
170 3431.86484375 16077.54140625
180 3551.0546875 19628.59609375
190 3285.821875 22914.41796875
200 3064.94609375 25979.3640625
210 2756.94609375 28736.31015625
220 2405.93671875 31142.246875
230 1785.65078125 32927.89765625
240 1125.48359375 34053.38125
250 807.77421875 34861.15546875
260 390.11953125 35251.275
270 82.028125 35333.303125
280 14.35625 35347.659375
281 0 35347.659375
