0 0.7 2.3617142857142857 2.607528425501037 8.748 1.236 0 0
10 1.3 1.2796153846153844 0.13446677511365943 8.748 0.877 2.3617142857142857 7
20 0.9 1.1704444444444444 0.12376600781861723 8.748 0.877 1.65835 20
30 1 1.5366000000000004 1.0871208948410478 8.748 0.877 1.5069310344827587 29
40 1.9 1.0865789473684209 0.07554525711503123 8.748 0.877 1.5145384615384618 39
50 1.3 1.054846153846154 0.07730841943783567 8.748 0.877 1.3743448275862071 58
60 3.3 1.4823939393939392 1.954363027897262 11.684 0.842 1.3158450704225353 71
70 4.2 1.072309523809524 0.11451065413007237 11.684 0.842 1.3686923076923077 104
80 4.2 1.49547619047619 2.0352596913754932 14.398 0.842 1.2834315068493152 146
90 5.9 1.3509152542372886 0.7567552565009934 14.398 0.842 1.3308031914893617 188
100 6.8 1.1418529411764704 0.47550342562958176 14.398 0.834 1.335607287449393 247
110 7.9 1.3366582278481007 1.4941689861395073 14.398 0.828 1.2937809523809525 315
120 0.9 2.197 2.9694286393925085 14.398 0.828 1.3023781725888326 394
130 0 0 0 14.398 0.828 1.3223573200992558 403
140 0 0 0 14.398 0.828 1.3223573200992558 403
150 0 0 0 14.398 0.828 1.3223573200992558 403
160 0 0 0 14.398 0.828 1.3223573200992558 403
170 0 0 0 14.398 0.828 1.3223573200992558 403
180 0 0 0 14.398 0.828 1.3223573200992558 403
190 0 0 0 14.398 0.828 1.3223573200992558 403
200 0 0 0 14.398 0.828 1.3223573200992558 403
210 0 0 0 14.398 0.828 1.3223573200992558 403
220 0 0 0 14.398 0.828 1.3223573200992558 403
230 0 0 0 14.398 0.828 1.3223573200992558 403
240 0 0 0 14.398 0.828 1.3223573200992558 403
247 0 0 0 14.398 0.828 1.3223573200992558 403
