0 0.1 2.0757267462542153 0 2.0757267462542153 2.0757267462542153 0 0
10 0.1 2.697302697302697 0.0 2.697302697302697 2.0757267462542153 2.0757267462542153 1
20 0.1 0.5020080321285141 0.0 2.697302697302697 0.5020080321285141 2.386514721778456 2
30 0.1 1.103309929789368 0.0 2.697302697302697 0.5020080321285141 1.7583458252284754 3
40 0.1 1.2036108324974923 0.0 2.697302697302697 0.5020080321285141 1.5945868513686987 4
50 0.1 1.4014014014014013 0.0 2.697302697302697 0.5020080321285141 1.5163916475944574 5
60 0.1 3.303303303303303 0.0 3.303303303303303 0.5020080321285141 1.4972266065622815 6
70 0.1 2.208835341365462 0.0 3.303303303303303 0.5020080321285141 1.75523756323957 7
80 0.1 1.917255297679112 0.0 3.303303303303303 0.5020080321285141 1.8119372855053064 8
90 0.1 4.417670682730924 0.0 4.417670682730924 0.5020080321285141 1.8236392868579516 9
100 0.1 2.908726178535607 0.0 4.417670682730924 0.5020080321285141 2.0830424264452487 10
110 0.1 17.374136229022703 0.0 17.374136229022703 0.5020080321285141 2.1581045857261905 11
120 0.1 11.242603550295858 0.0 17.374136229022703 0.5020080321285141 3.4261072226675666 12
130 0.1 6.620553359683795 0.0 17.374136229022703 0.5020080321285141 4.027376170946666 13
140 0.1 4.676616915422885 0.0 17.374136229022703 0.5020080321285141 4.212603112999318 14
150 0.1 4.032258064516129 0.0 17.374136229022703 0.5020080321285141 4.243537366494222 15
160 0.1 3.510531594784353 0.0 17.374136229022703 0.5020080321285141 4.2303324101205915 16
170 0.1 3.6217303822937628 0.0 17.374136229022703 0.5020080321285141 4.187991185689048 17
180 0.1 4.5 0.0 17.374136229022703 0.5020080321285141 4.1565322521670875 18
190 0.1 4.008016032064128 0.0 17.374136229022703 0.5020080321285141 4.1746095020530305 19
200 0.1 4.632426988922457 0.0 17.374136229022703 0.5020080321285141 4.166279828553586 20
210 0.1 4.317269076305221 0.0 17.374136229022703 0.5020080321285141 4.188477312380675 21
220 0.1 5.639476334340383 0.0 17.374136229022703 0.5020080321285141 4.194331483468154 22
230 0.1 7.477567298105684 0.0 17.374136229022703 0.5020080321285141 4.2571638682886865 23
240 0.1 4.1000000000000005 0.0 17.374136229022703 0.5020080321285141 4.391347344531061 24
247 0.1 0.7976071784646062 0.0 17.374136229022703 0.5020080321285141 4.379693450749818 25
