0 0.1 3514.48046875 0 3514.48046875 3514.48046875 0 0
10 0.1 3516.45703125 0.0 3516.45703125 3514.48046875 3514.48046875 1
20 0.1 3514.29296875 0.0 3516.45703125 3514.29296875 3515.46875 2
30 0.1 3509.58984375 0.0 3516.45703125 3509.58984375 3515.0768229166665 3
40 0.1 3505.48046875 0.0 3516.45703125 3505.48046875 3513.705078125 4
50 0.1 3498.01953125 0.0 3516.45703125 3498.01953125 3512.06015625 5
60 0.1 3495.8046875 0.0 3516.45703125 3495.8046875 3509.7200520833335 6
70 0.1 3485.92578125 0.0 3516.45703125 3485.92578125 3507.7321428571427 7
80 0.1 3477.328125 0.0 3516.45703125 3477.328125 3505.00634765625 8
90 0.1 3462.27734375 0.0 3516.45703125 3462.27734375 3501.9309895833335 9
100 0.1 3447.1953125 0.0 3516.45703125 3447.1953125 3497.965625 10
110 0.1 3429.0078125 0.0 3516.45703125 3429.0078125 3493.3501420454545 11
120 0.1 3418.23046875 0.0 3516.45703125 3418.23046875 3487.98828125 12
130 0.1 3416.375 0.0 3516.45703125 3416.375 3482.622295673077 13
140 0.1 3402.84765625 0.0 3516.45703125 3402.84765625 3477.8903459821427 14
150 0.1 3399.22265625 0.0 3516.45703125 3399.22265625 3472.8875 15
160 0.1 3397.91015625 0.0 3516.45703125 3397.91015625 3468.283447265625 16
170 0.1 3396.953125 0.0 3516.45703125 3396.953125 3464.143841911765 17
180 0.1 3395.63671875 0.0 3516.45703125 3395.63671875 3460.4110243055557 18
190 0.1 3394.8125 0.0 3516.45703125 3394.8125 3457.0018503289475 19
200 0.1 3394.23046875 0.0 3516.45703125 3394.23046875 3453.8923828125 20
210 0.1 3392.09375 0.0 3516.45703125 3392.09375 3451.051339285714 21
220 0.1 3391.1484375 0.0 3516.45703125 3391.1484375 3448.3714488636365 22
230 0.1 3392.29296875 0.0 3516.45703125 3391.1484375 3445.883491847826 23
240 0.1 3400.2109375 0.0 3516.45703125 3391.1484375 3443.6505533854165 24
247 0.1 3401.8125 0.0 3516.45703125 3391.1484375 3441.91296875 25
