0 0.1 0.0 0 0.0 0.0 0 0
10 0.1 0.0 0.0 0.0 0.0 0.0 1
20 0.1 0.0 0.0 0.0 0.0 0.0 2
30 0.1 0.0 0.0 0.0 0.0 0.0 3
40 0.1 0.0 0.0 0.0 0.0 0.0 4
50 0.1 0.0 0.0 0.0 0.0 0.0 5
60 0.1 0.0 0.0 0.0 0.0 0.0 6
70 0.1 0.0 0.0 0.0 0.0 0.0 7
80 0.1 0.0 0.0 0.0 0.0 0.0 8
90 0.1 0.0703125 0.0 0.0703125 0.0 0.0 9
100 0.1 0.05859375 0.0 0.0703125 0.0 0.00703125 10
110 0.1 0.12890625 0.0 0.12890625 0.0 0.01171875 11
120 0.1 0.1796875 0.0 0.1796875 0.0 0.021484375 12
130 0.1 0.16015625 0.0 0.1796875 0.0 0.03365384615384615 13
140 0.1 0.12890625 0.0 0.1796875 0.0 0.042689732142857144 14
150 0.1 0.109375 0.0 0.1796875 0.0 0.0484375 15
160 0.1 0.08984375 0.0 0.1796875 0.0 0.05224609375 16
170 0.1 0.078125 0.0 0.1796875 0.0 0.054457720588235295 17
180 0.1 0.0703125 0.0 0.1796875 0.0 0.05577256944444445 18
190 0.1 0.05859375 0.0 0.1796875 0.0 0.05653782894736842 19
200 0.1 0.05078125 0.0 0.1796875 0.0 0.056640625 20
210 0.1 0.0390625 0.0 0.1796875 0.0 0.056361607142857144 21
220 0.1 0.03125 0.0 0.1796875 0.0 0.05557528409090909 22
230 0.1 0.03125 0.0 0.1796875 0.0 0.054517663043478264 23
240 0.1 0.01953125 0.0 0.1796875 0.0 0.053548177083333336 24
247 0.1 0.01953125 0.0 0.1796875 0.0 0.0521875 25
