0 3.4 56.42938235294119 63.086812774151674 185.241 8.294 0 0
10 7.3 60.55476712328769 86.95327237172415 364.613 5.682 56.42938235294119 34
20 13.9 76.22695683453236 106.92459600594292 547.342 5.682 59.2438971962617 107
30 18.1 61.702734806629856 81.0306866383276 547.342 5.682 68.8400162601626 246
40 27.3 115.89751282051284 123.88857745887886 577.523 5.682 65.8146112412178 427
50 32.5 233.02859692307695 274.26244548337945 1192.977 5.682 85.34694285714288 700
60 37 323.8416702702703 475.3034715684222 2827.954 5.682 132.17283317073174 1025
70 35.9 1614.250601671309 865.2077173679022 5047.747 5.682 183.0097290322581 1395
80 38.1 2440.521937007874 748.4205375214398 5706.147 5.682 475.9489954389965 1754
90 42.4 2974.774950471697 1545.1726865125372 7809.887 0.522 826.5355484777517 2135
100 71.6 1946.1510851955309 2036.283573268543 8614.988 0.503 1182.4767389605313 2559
110 119.6 1513.8506521739157 2338.017524700709 10546.997 0.503 1349.4357716030534 3275
120 121.3 1414.926136026381 2118.793325917446 10546.997 0.5 1393.417027957952 4471
130 115.2 1429.727214409721 1380.0715522357568 10546.997 0.5 1398.0072017945115 5684
140 112.7 1407.9923522626439 1323.9840593345568 10546.997 0.5 1403.3526456992397 6836
150 105 1543.321629523811 1209.7053805029 10546.997 0.5 1404.0093013939472 7963
160 103.4 1541.9013491295937 1106.839187106465 10546.997 0.5 1420.238963497171 9013
170 98.2 1625.1101629327895 1095.8631771392706 10546.997 0.5 1432.7600052752068 10047
180 92.6 1651.6784902807774 893.0715088214574 10546.997 0.5 1449.8864768338021 11029
190 88.6 1776.6912313769753 889.4787762281054 10546.997 0.5 1465.5167072354666 11955
200 75.9 1883.1720065876173 671.1331632018561 10546.997 0.5 1486.9870466474576 12841
210 79.7 1412.1449573400257 699.1701523627959 10546.997 0.5 1509.0976631617652 13600
220 63 262.28976349206334 308.4215342648107 10546.997 0.5 1503.730482044871 14397
230 24.3 25.274320987654335 27.298212525856766 10546.997 0.5 1451.6836561522598 15027
240 3.9 28.200641025641026 24.8164356120399 10546.997 0.5 1428.9844113294046 15270
247 0.5 33.6548 25.094605869788033 10546.997 0.5 1425.4158851655893 15309
