10 0.1 400 0 400 400 0 0
20 0.1 378.0 0.0 400 378 400.0 1
30 0.1 871.0 0.0 871 378 389.0 2
40 0.1 1374.0 0.0 1374 378 549.6666666666666 3
50 0.1 1708.0 0.0 1708 378 755.75 4
60 0.1 2717.0 0.0 2717 378 946.2 5
70 0.1 2911.0 0.0 2911 378 1241.3333333333333 6
80 0.1 2333.0 0.0 2911 378 1479.857142857143 7
90 0.1 2261.0 0.0 2911 378 1586.5 8
100 0.1 2566.0 0.0 2911 378 1661.4444444444443 9
110 0.1 3347.0 0.0 3347 378 1751.9 10
120 0.1 4134.0 0.0 4134 378 1896.909090909091 11
130 0.1 4.3e3 0.0 4300 378 2083.3333333333335 12
140 0.1 5459.0 0.0 5459 378 2253.846153846154 13
150 0.1 6364.0 0.0 6364 378 2482.785714285714 14
160 0.1 5921.0 0.0 6364 378 2741.5333333333333 15
170 0.1 5377.0 0.0 6364 378 2940.25 16
180 0.1 6141.0 0.0 6364 378 3083.5882352941176 17
190 0.1 5826.0 0.0 6364 378 3253.4444444444443 18
200 0.1 6558.0 0.0 6558 378 3388.842105263158 19
210 0.1 6992.0 0.0 6992 378 3547.3 20
220 0.1 7688.0 0.0 7688 378 3711.3333333333335 21
230 0.1 6450.0 0.0 7688 378 3892.090909090909 22
240 0.1 2571.0 0.0 7688 378 4003.304347826087 23
247 0.1 323.0 0.0 7688 323 3943.625 24
