0 3.4 56.42938235294119 63.086812774151674 185.241 8.294 0 0
10 7.5 58.93638666666667 84.33837840032945 344.843 5.682 56.42938235294119 34
20 14.8 71.50589864864864 103.61181662520379 547.342 5.682 58.15438532110092 109
30 19.7 58.85559390862944 80.95737564538756 547.342 5.682 65.84319455252917 257
40 29.1 107.25698969072165 115.79545731626249 577.523 5.682 62.81112995594713 454
50 35.4 213.9350451977398 259.1220763134588 1119.082 5.682 80.17186174496644 745
60 40.1 324.0707182044887 457.80979770999863 1824.566 5.682 123.2584558689717 1099
70 38.1 1509.2497979002617 664.5661288631488 3040.045 5.682 176.94226733333323 1500
80 39.7 2350.400428211586 488.0035592267779 3415.849 5.682 446.80360127591683 1881
90 44.9 2916.0146369710483 1366.451624526616 5163.083 0.522 778.554233538191 2278
100 75.7 1840.099072655219 1813.5128018828048 5163.083 0.503 1130.4866578657866 2727
110 127.1 1401.6508733280891 2095.108192687744 6815.235 0.499 1284.6705264064296 3484
120 132.6 1293.012779788839 1901.2028233791366 6815.235 0.479 1315.9390902208206 4755
130 128.3 1283.642442712393 1180.9475641863316 6815.235 0.479 1310.9398651537579 6081
140 127.6 1244.967505485895 1102.9558049451464 6815.235 0.479 1306.1839454101034 7364
150 117.7 1376.3440000000007 995.8326216419417 6815.235 0.479 1297.143184143519 8640
160 115.3 1380.1164301821348 928.0322387913152 6815.235 0.479 1306.6388916165838 9817
170 109.7 1453.088000911577 882.928340291061 6815.235 0.479 1314.3617359161353 10970
180 102.6 1497.1301890838204 703.9514313630115 6815.235 0.479 1326.9732145520845 12067
190 99.4 1592.3958380281686 644.7316680188367 6815.235 0.479 1340.3071377071722 13093
200 86 1655.213904651165 281.0318620056094 6815.235 0.479 1358.0948972101942 14087
210 90.4 1215.6268517699134 413.6352264894907 6815.235 0.479 1375.1901234361414 14947
220 72.3 221.94748962655626 242.01361065044375 6815.235 0.479 1366.090054192165 15851
230 29.6 20.73975337837838 20.270872986757595 6815.235 0.479 1316.1796478822257 16574
240 5 21.98408 17.106175442617207 6815.235 0.479 1293.4499378186135 16870
247 0.6 28.037833333333335 17.86588889864954 6815.235 0.479 1289.6926510047285 16920
