10 0.1 341 0 341 341 0 0
20 0.1 327.0 0.0 341 327 341.0 1
30 0.1 636.0 0.0 636 327 334.0 2
40 0.1 910.0 0.0 910 327 434.6666666666667 3
50 0.1 1176.0 0.0 1176 327 553.5 4
60 0.1 1660.0 0.0 1660 327 678.0 5
70 0.1 1887.0 0.0 1887 327 841.6666666666666 6
80 0.1 1562.0 0.0 1887 327 991.0 7
90 0.1 1713.0 0.0 1887 327 1062.375 8
100 0.1 1855.0 0.0 1887 327 1134.6666666666667 9
110 0.1 2786.0 0.0 2786 327 1206.7 10
120 0.1 3702.0 0.0 3702 327 1350.2727272727273 11
130 0.1 3645.0 0.0 3702 327 1546.25 12
140 0.1 3963.0 0.0 3963 327 1707.6923076923076 13
150 0.1 4235.0 0.0 4235 327 1868.7857142857142 14
160 0.1 3998.0 0.0 4235 327 2026.5333333333333 15
170 0.1 3672.0 0.0 4235 327 2149.75 16
180 0.1 3933.0 0.0 4235 327 2239.294117647059 17
190 0.1 3746.0 0.0 4235 327 2333.3888888888887 18
200 0.1 3921.0 0.0 4235 327 2407.7368421052633 19
210 0.1 3967.0 0.0 4235 327 2483.4 20
220 0.1 4240.0 0.0 4240 327 2554.0476190476193 21
230 0.1 3568.0 0.0 4240 327 2630.6818181818185 22
240 0.1 1502.0 0.0 4240 327 2671.434782608696 23
247 0.1 195.0 0.0 4240 195 2622.7083333333335 24
