70 0.4 61743.718250000005 5627.820427641921 70040.148 56324.333 0 0
80 0.1 80378.464 0.0 80378.464 56324.333 61743.718250000005 4
90 0.2 86725.7555 716.7635000000009 87442.519 56324.333 65470.66740000001 5
100 0.2 92683.54749999999 123.75749999999607 92807.305 56324.333 71543.54971428572 7
110 0.8 102868.13025000002 8162.101514453458 116049.32 56324.333 76241.32699999999 9
120 1 102708.0723 9897.263848530612 116049.32 56324.333 88771.58735294118 17
130 0.3 101768.68633333333 9290.735165389135 116049.32 56324.333 93933.24844444444 27
140 0.7 106588.11014285714 7227.548753694983 119567.404 56324.333 94716.79223333333 30
150 1 118072.42540000002 7366.471344069295 129501.44 56324.333 96962.71724324324 37
160 0.6 125071.36349999999 8653.091155734099 141841.328 56324.333 101454.14451063829 47
170 1.1 122750.15163636365 8933.673793556487 141841.328 56324.333 104127.79194339621 53
180 1.3 115271.999 15718.953243595448 141841.328 56324.333 107328.51001562498 64
190 2.9 124093.4637586207 14212.179827730248 160874.378 56324.333 108669.61854545453 77
200 3.1 124340.7750322581 15505.946643317371 160874.378 56324.333 112889.34978301886 106
210 8.4 124648.38036904768 14118.077307694108 160874.378 56324.333 115480.5481970803 137
220 10.4 124605.22775961536 13390.724793673706 169912.543 56324.333 118965.15409049776 221
230 6.3 125711.83626984128 10625.715324502495 169912.543 56324.333 120769.97766461539 325
240 1.4 135751.92742857145 10058.555714789623 169912.543 56324.333 121572.39285051548 388
247 0.1 133945.613 0.0 169912.543 56324.333 122066.2074875622 402
