0 18.13125 18.13125
10 43.6796875 61.8109375
20 102.53671875 164.34765625
30 133.97109375 298.31875
40 202.89140625 501.21015625
50 230.37890625 731.5890625
60 290.81796875 1022.40703125
70 265.0921875 1287.49921875
80 280.24921875 1567.7484375
90 298.55546875 1866.30390625
100 478.0125 2344.31640625
110 750.41484375 3094.73125
120 848.73984375 3943.47109375
130 840.11171875 4783.5828125
140 851.74453125 5635.32734375
150 807.1734375 6442.50078125
160 793.97421875 7236.475
170 776.06328125 8012.53828125
180 733.13203125 8745.6703125
190 699.49375 9445.1640625
200 605.45390625 10050.61796875
210 553.553125 10604.17109375
220 467.2234375 11071.39453125
230 199.3046875 11270.69921875
240 32.7671875 11303.46640625
247 4.003125 11307.46953125
