0 44.1203125 44.1203125
10 189.77421875 233.89453125
20 590.3 824.19453125
30 988.725 1812.91953125
40 1208.85703125 3021.7765625
50 1852.7296875 4874.50625
60 1984.02890625 6858.53515625
70 1677.19609375 8535.73125
80 1241.9046875 9777.6359375
90 1572.60859375 11350.24453125
100 1746.134375 13096.37890625
110 2251.48125 15347.86015625
120 2663.6421875 18011.50234375
130 3612.528125 21624.03046875
140 4870.91640625 26494.946875
150 4183.39921875 30678.34609375
160 3887.36796875 34565.7140625
170 4444.5828125 39010.296875
180 4296.13203125 43306.42890625
190 5169.85390625 48476.2828125
200 5783.35703125 54259.63984375
210 6613.5828125 60873.22265625
220 5398.52421875 66271.746875
230 2680.6140625 68952.3609375
240 640.35390625 69592.71484375
247 70.7453125 69663.46015625
