0 0.9 5.38211111111111 9.93590329668056 33.471 1.587 0 0
10 1.2 1.813583333333333 0.38182881381000505 33.471 1.497 5.38211111111111 9
20 0.8 1.526625 0.1246043112215624 33.471 1.338 3.3429523809523802 21
30 0.7 2.030142857142857 1.0085425734439672 33.471 1.338 2.8418965517241372 29
40 1.9 7.413 23.601919201624266 107.472 1.338 2.6840555555555548 36
50 2 1.5325 0.1965407082514968 107.472 1.257 4.317690909090909 55
60 2.2 2.527818181818182 4.654050431773124 107.472 1.257 3.5749733333333333 75
70 5.2 1.570153846153846 0.6208154496186505 107.472 1.176 3.3374742268041238 97
80 2.2 1.447772727272727 0.10207480849321066 107.472 1.176 2.7206912751677854 149
90 6.3 1.4407142857142854 0.2511683447709245 107.472 1.154 2.5569239766081875 171
100 6.1 1.5085901639344268 0.2840693968000315 107.472 1.154 2.256405982905983 234
110 8.1 1.7052716049382715 0.9530324053970728 107.472 1.154 2.101772881355932 295
120 2 2.8210500000000005 6.141286489612742 107.472 1.154 2.0163563829787234 376
130 0 0 0 107.472 1.154 2.0569974747474746 396
140 0 0 0 107.472 1.154 2.0569974747474746 396
150 0 0 0 107.472 1.154 2.0569974747474746 396
160 0 0 0 107.472 1.154 2.0569974747474746 396
170 0 0 0 107.472 1.154 2.0569974747474746 396
180 0 0 0 107.472 1.154 2.0569974747474746 396
190 0 0 0 107.472 1.154 2.0569974747474746 396
200 0 0 0 107.472 1.154 2.0569974747474746 396
210 0 0 0 107.472 1.154 2.0569974747474746 396
220 0 0 0 107.472 1.154 2.0569974747474746 396
230 0 0 0 107.472 1.154 2.0569974747474746 396
240 0 0 0 107.472 1.154 2.0569974747474746 396
250 0 0 0 107.472 1.154 2.0569974747474746 396
259 0 0 0 107.472 1.154 2.0569974747474746 396
