0 0.1 1.2921173044925125 0 1.2921173044925125 1.2921173044925125 0 0
10 0.1 0.999000999000999 0.0 1.2921173044925125 0.999000999000999 1.2921173044925125 1
20 0.1 1.0 0.0 1.2921173044925125 0.999000999000999 1.1455591517467558 2
30 0.1 3.3932135728542914 0.0 3.3932135728542914 0.999000999000999 1.0970394344978371 3
40 0.1 7.792207792207792 0.0 7.792207792207792 0.999000999000999 1.6710829690869506 4
50 0.1 2.814070351758794 0.0 7.792207792207792 0.999000999000999 2.895307933711119 5
60 0.1 1.710261569416499 0.0 7.792207792207792 0.999000999000999 2.8817683367190647 6
70 0.1 2.0060180541624875 0.0 7.792207792207792 0.999000999000999 2.7144102271044126 7
80 0.1 3.911735205616851 0.0 7.792207792207792 0.999000999000999 2.625861205486672 8
90 0.1 3.7037037037037033 0.0 7.792207792207792 0.999000999000999 2.768736094390025 9
100 0.1 2.2155085599194364 0.0 7.792207792207792 0.999000999000999 2.862232855321393 10
110 0.1 4.7283702213279675 0.0 7.792207792207792 0.999000999000999 2.8034397375575786 11
120 0.1 4.5778229908443535 0.0 7.792207792207792 0.999000999000999 2.963850611205111 12
130 0.1 3.6734693877551026 0.0 7.792207792207792 0.999000999000999 3.088002332715822 13
140 0.1 2.0408163265306123 0.0 7.792207792207792 0.999000999000999 3.1298214080757707 14
150 0.1 2.051282051282051 0.0 7.792207792207792 0.999000999000999 3.0572210693060935 15
160 0.1 2.151639344262295 0.0 7.792207792207792 0.999000999000999 2.9943498806795907 16
170 0.1 3.6734693877551026 0.0 7.792207792207792 0.999000999000999 2.944778672655044 17
180 0.1 2.5458248472505094 0.0 7.792207792207792 0.999000999000999 2.985261490160603 18
190 0.1 2.9292929292929295 0.0 7.792207792207792 0.999000999000999 2.962133245796914 19
200 0.1 3.2454361054766734 0.0 7.792207792207792 0.999000999000999 2.9604912299717148 20
210 0.1 4.723618090452261 0.0 7.792207792207792 0.999000999000999 2.974060033567189 21
220 0.1 3.931451612903226 0.0 7.792207792207792 0.999000999000999 3.0535853997892377 22
230 0.1 3.5246727089627394 0.0 7.792207792207792 0.999000999000999 3.0917534960115853 23
240 0.1 4.112337011033099 0.0 7.792207792207792 0.999000999000999 3.109791796551217 24
250 0.1 2.1912350597609564 0.0 7.792207792207792 0.999000999000999 3.1498936051304924 25
259 0.1 0.7021063189568706 0.0 7.792207792207792 0.7021063189568706 3.1130221226162793 26
