0 0.1 3516.10546875 0 3516.10546875 3516.10546875 0 0
10 0.1 3517.8671875 0.0 3517.8671875 3516.10546875 3516.10546875 1
20 0.1 3515.0703125 0.0 3517.8671875 3515.0703125 3516.986328125 2
30 0.1 3509.42578125 0.0 3517.8671875 3509.42578125 3516.34765625 3
40 0.1 3503.9765625 0.0 3517.8671875 3503.9765625 3514.6171875 4
50 0.1 3502.15625 0.0 3517.8671875 3502.15625 3512.4890625 5
60 0.1 3494.12109375 0.0 3517.8671875 3494.12109375 3510.7669270833335 6
70 0.1 3485.0 0.0 3517.8671875 3485.0 3508.3889508928573 7
80 0.1 3476.07421875 0.0 3517.8671875 3476.07421875 3505.46533203125 8
90 0.1 3462.22265625 0.0 3517.8671875 3462.22265625 3502.199652777778 9
100 0.1 3457.12890625 0.0 3517.8671875 3457.12890625 3498.201953125 10
110 0.1 3440.65234375 0.0 3517.8671875 3440.65234375 3494.4680397727275 11
120 0.1 3438.11328125 0.0 3517.8671875 3438.11328125 3489.9833984375 12
130 0.1 3424.125 0.0 3517.8671875 3424.125 3485.993389423077 13
140 0.1 3422.1953125 0.0 3517.8671875 3422.1953125 3481.57421875 14
150 0.1 3406.58984375 0.0 3517.8671875 3406.58984375 3477.615625 15
160 0.1 3404.58203125 0.0 3517.8671875 3404.58203125 3473.176513671875 16
170 0.1 3402.89453125 0.0 3517.8671875 3402.89453125 3469.141544117647 17
180 0.1 3401.828125 0.0 3517.8671875 3401.828125 3465.4611545138887 18
190 0.1 3400.15234375 0.0 3517.8671875 3400.15234375 3462.1120476973683 19
200 0.1 3398.7109375 0.0 3517.8671875 3398.7109375 3459.0140625 20
210 0.1 3397.90234375 0.0 3517.8671875 3397.90234375 3456.1424851190477 21
220 0.1 3397.671875 0.0 3517.8671875 3397.671875 3453.495205965909 22
230 0.1 3398.33984375 0.0 3517.8671875 3397.671875 3451.068104619565 23
240 0.1 3397.87890625 0.0 3517.8671875 3397.671875 3448.87109375 24
250 0.1 3406.18359375 0.0 3517.8671875 3397.671875 3446.83140625 25
259 0.1 3431.59765625 0.0 3517.8671875 3397.671875 3445.268028846154 26
