0 0.1 0.05078125 0 0.05078125 0.05078125 0 0
10 0.1 0.0390625 0.0 0.05078125 0.0390625 0.05078125 1
20 0.1 0.03125 0.0 0.05078125 0.03125 0.044921875 2
30 0.1 0.03125 0.0 0.05078125 0.03125 0.040364583333333336 3
40 0.1 0.01953125 0.0 0.05078125 0.01953125 0.0380859375 4
50 0.1 0.01953125 0.0 0.05078125 0.01953125 0.034375 5
60 0.1 0.01953125 0.0 0.05078125 0.01953125 0.031901041666666664 6
70 0.1 0.01171875 0.0 0.05078125 0.01171875 0.030133928571428572 7
80 0.1 0.01171875 0.0 0.05078125 0.01171875 0.02783203125 8
90 0.1 0.01171875 0.0 0.05078125 0.01171875 0.026041666666666668 9
100 0.1 0.01171875 0.0 0.05078125 0.01171875 0.024609375 10
110 0.1 0.171875 0.0 0.171875 0.01171875 0.0234375 11
120 0.1 0.140625 0.0 0.171875 0.01171875 0.035807291666666664 12
130 0.1 0.12109375 0.0 0.171875 0.01171875 0.043870192307692304 13
140 0.1 0.1015625 0.0 0.171875 0.01171875 0.04938616071428571 14
150 0.1 0.078125 0.0 0.171875 0.01171875 0.05286458333333333 15
160 0.1 0.0703125 0.0 0.171875 0.01171875 0.054443359375 16
170 0.1 0.05859375 0.0 0.171875 0.01171875 0.055376838235294115 17
180 0.1 0.05078125 0.0 0.171875 0.01171875 0.05555555555555555 18
190 0.1 0.0390625 0.0 0.171875 0.01171875 0.05530427631578947 19
200 0.1 0.03125 0.0 0.171875 0.01171875 0.0544921875 20
210 0.1 0.03125 0.0 0.171875 0.01171875 0.053385416666666664 21
220 0.1 0.01953125 0.0 0.171875 0.01171875 0.05237926136363636 22
230 0.1 0.01953125 0.0 0.171875 0.01171875 0.050951086956521736 23
240 0.1 0.16015625 0.0 0.171875 0.01171875 0.049641927083333336 24
250 0.1 0.140625 0.0 0.171875 0.01171875 0.0540625 25
259 0.1 0.12109375 0.0 0.171875 0.01171875 0.05739182692307692 26
