0 2.3 26.488391304347818 40.08000059201068 194.121 8.296 0 0
10 8.1 83.1898024691358 143.49944247505752 987.478 7.47 26.488391304347818 23
20 17.1 76.52468421052636 106.59656540101136 987.478 7.47 70.65006730769231 104
30 15.7 71.65779617834393 98.25963088640718 987.478 7.47 74.30301090909094 275
40 23 119.66933913043478 187.92736886196388 1093.136 7.47 73.34167129629631 432
50 32 206.4366125 269.88393599266635 1903.3 7.47 89.43738670694864 662
60 29.3 1000.1404027303752 896.9213071539968 4259.916 7.47 127.56340733197557 982
70 35.2 1438.6044346590913 911.5340869385922 5942.611 7.47 328.085022745098 1275
80 29.7 2788.2226161616163 1105.7528887210062 8517.035 7.47 568.3449078057776 1627
90 33.6 4078.595279761905 1590.0039197891856 10739.203 0.917 911.0183378378379 1924
100 69.4 2148.5174236311213 2289.385557514023 10830.813 0.843 1381.9501309734515 2260
110 102.5 1653.1070351219516 2629.3312699297 13087.106 0.843 1562.0441394719019 2954
120 119.2 1233.0142239932902 2089.6803020120647 13087.106 0.843 1585.5021610957524 3979
130 115.4 1578.4594584055476 2192.161511132863 13087.106 0.843 1504.2479315412882 5171
140 118.4 1315.1223893581073 1618.5302535431927 13087.106 0.843 1517.7878686166014 6325
150 113.9 1483.4002379280093 1814.0185508418845 13087.106 0.843 1485.8320918897327 7509
160 94.3 1704.91098621421 1790.2588476915123 13087.106 0.843 1485.5118003006482 8648
170 98.8 1539.669676113361 1502.3618611218828 13087.106 0.843 1507.0834228964661 9591
180 90.9 1774.942401540153 1403.2202960661268 13087.106 0.843 1510.126736837131 10579
190 89 1796.928579775283 1534.2489260508914 13087.106 0.843 1531.0805529247914 11488
200 63.1 2362.2488304278913 1879.1433488305613 13087.106 0.843 1550.1954942640173 12378
210 70.9 2054.216301833572 953.0009692460189 13087.106 0.843 1589.584044891998 13009
220 49.2 1901.8370589430901 900.9393088814037 13087.106 0.843 1613.5980607960348 13718
230 55 1083.4537072727287 869.7228200235422 13087.106 0.843 1623.5779050668548 14210
240 20.4 122.62304901960789 304.8201700580898 13087.106 0.843 1603.4513258807594 14760
250 7.6 26.362921052631588 51.42604754037925 13087.106 0.843 1583.263610799252 14964
259 0.8 34.000499999999995 65.83210448367879 13087.106 0.843 1575.396293484043 15040
