10 0.1 133 0 133 133 0 0
20 0.1 340.0 0.0 340 133 133.0 1
30 0.1 1231.0 0.0 1231 133 236.5 2
40 0.1 2377.0 0.0 2377 133 568.0 3
50 0.1 1529.0 0.0 2377 133 1020.25 4
60 0.1 2019.0 0.0 2377 133 1122.0 5
70 0.1 2242.0 0.0 2377 133 1271.5 6
80 0.1 2150.0 0.0 2377 133 1410.142857142857 7
90 0.1 1916.0 0.0 2377 133 1502.625 8
100 0.1 2664.0 0.0 2664 133 1548.5555555555557 9
110 0.1 2754.0 0.0 2754 133 1660.1 10
120 0.1 3125.0 0.0 3125 133 1759.5454545454545 11
130 0.1 3321.0 0.0 3321 133 1873.3333333333333 12
140 0.1 4339.0 0.0 4339 133 1984.6923076923076 13
150 0.1 4388.0 0.0 4388 133 2152.8571428571427 14
160 0.1 4786.0 0.0 4786 133 2301.866666666667 15
170 0.1 4427.0 0.0 4786 133 2457.125 16
180 0.1 4416.0 0.0 4786 133 2573.0 17
190 0.1 4057.0 0.0 4786 133 2675.3888888888887 18
200 0.1 4418.0 0.0 4786 133 2748.1052631578946 19
210 0.1 4202.0 0.0 4786 133 2831.6 20
220 0.1 4577.0 0.0 4786 133 2896.8571428571427 21
230 0.1 4137.0 0.0 4786 133 2973.2272727272725 22
240 0.1 4221.0 0.0 4786 133 3023.8260869565215 23
250 0.1 1277.0 0.0 4786 133 3073.7083333333335 24
259 0.1 491.0 0.0 4786 133 3001.84 25
