0 2.3 26.488391304347818 40.08000059201068 194.121 8.296 0 0
10 8.2 82.17447560975612 141.8465362121027 974.69 7.47 26.488391304347818 23
20 18.1 72.29370718232045 103.04286718271527 974.69 7.47 69.97657142857145 105
30 17.6 63.91489772727275 87.73588808146917 974.69 7.47 71.4430104895105 286
40 24.6 111.88220325203255 179.42461076943587 1069.098 7.47 68.57515800865802 462
50 33.9 200.41565486725662 255.73144977481957 1882.115 7.47 83.6225211864407 708
60 31.9 919.3479937304078 667.7304327213196 3162.506 7.47 121.43806303724928 1047
70 37 1400.7067378378385 788.0527226315912 3966.288 7.47 307.7728125915081 1366
80 31.3 2681.7508051118207 719.4159117924593 5386.938 7.47 540.7137989631337 1736
90 35.8 3908.181287709492 1042.9517456681099 6596.537 0.917 867.7731366520254 2049
100 72.8 2037.0432994505484 2029.1809039809925 7260.581 0.834 1319.9817440797667 2407
110 108.7 1542.4336982520688 2397.5279533144026 8527.129 0.82 1486.4955598086115 3135
120 129.4 1168.23977047914 1942.3104712318998 8527.129 0.82 1500.8974443391749 4222
130 128.7 1388.9734405594402 1867.3107415137001 8527.129 0.81 1422.8591865482238 5516
140 132.7 1181.2686322532038 1400.224634933109 8527.129 0.81 1416.448638982802 6803
150 127.6 1307.240449059561 1516.0921099934951 8527.129 0.81 1378.0619392373928 8130
160 106 1528.2300424528312 1527.3869567377135 8527.129 0.81 1368.4544311078039 9406
170 110.6 1364.738191681737 1230.1276534705846 8527.129 0.81 1384.636558761705 10466
180 100.4 1621.6955328685235 1201.6500886478614 8527.129 0.81 1382.734761838922 11572
190 100.2 1619.0351556886242 1271.7714679282599 8527.129 0.81 1401.8121007474556 12576
200 71.4 2057.081428571431 1397.0178909055974 8527.129 0.81 1417.84225990573 13578
210 79 1801.352513924052 592.1051306062376 8527.129 0.81 1449.7773821018754 14292
220 57.1 1684.9916602451835 515.5206699519183 8527.129 0.81 1468.1930003315213 15082
230 63.5 884.1688409448828 580.0091404300576 8527.129 0.81 1476.1015184948574 15653
240 24.3 102.9350658436215 243.10640080128562 8527.129 0.81 1453.0245753315326 16288
250 9.1 22.00893406593407 43.95774075597243 8527.129 0.81 1433.178725062005 16531
259 1 27.189599999999995 56.44263445339879 8527.129 0.81 1425.4530331488393 16622
