10 0.1 143 0 143 143 0 0
20 0.1 340.0 0.0 340 143 143.0 1
30 0.1 879.0 0.0 879 143 241.5 2
40 0.1 1597.0 0.0 1597 143 454.0 3
50 0.1 1154.0 0.0 1597 143 739.75 4
60 0.1 1461.0 0.0 1597 143 822.6 5
70 0.1 1509.0 0.0 1597 143 929.0 6
80 0.1 1643.0 0.0 1643 143 1011.8571428571429 7
90 0.1 1383.0 0.0 1643 143 1090.75 8
100 0.1 1883.0 0.0 1883 143 1123.2222222222222 9
110 0.1 2411.0 0.0 2411 143 1199.2 10
120 0.1 3194.0 0.0 3194 143 1309.3636363636363 11
130 0.1 3267.0 0.0 3267 143 1466.4166666666667 12
140 0.1 3661.0 0.0 3661 143 1604.923076923077 13
150 0.1 3535.0 0.0 3661 143 1751.7857142857142 14
160 0.1 3641.0 0.0 3661 143 1870.6666666666667 15
170 0.1 3283.0 0.0 3661 143 1981.3125 16
180 0.1 3255.0 0.0 3661 143 2057.8823529411766 17
190 0.1 2962.0 0.0 3661 143 2124.3888888888887 18
200 0.1 3090.0 0.0 3661 143 2168.4736842105262 19
210 0.1 2795.0 0.0 3661 143 2214.55 20
220 0.1 2913.0 0.0 3661 143 2242.190476190476 21
230 0.1 2460.0 0.0 3661 143 2272.681818181818 22
240 0.1 2454.0 0.0 3661 143 2280.8260869565215 23
250 0.1 828.0 0.0 3661 143 2288.0416666666665 24
259 0.1 352.0 0.0 3661 143 2229.64 25
