60 0.1 64166.717 0 64166.717 64166.717 0 0
70 0.2 60516.974 6015.872000000003 66532.846 54501.102 64166.717 1
80 0.2 78879.704 1897.1959999999963 80776.9 54501.102 61733.555 3
90 0 0 0 80776.9 54501.102 68592.0146 5
100 0.3 91343.60066666668 3873.9508186976523 94557.819 54501.102 68592.0146 5
110 0.4 101080.0475 3561.024775011714 105217.772 54501.102 77123.859375 8
120 0.6 113131.96416666666 5425.264023554781 120078.742 54501.102 85109.25541666667 12
130 0.4 115223.44375 4694.635402510103 120078.742 54501.102 94450.15833333333 18
140 0.7 125467.46185714284 10171.974774328599 140287.572 54501.102 98227.11931818182 22
150 0.6 111916.19716666666 10163.93785253711 140287.572 54501.102 104802.3744137931 29
160 1.2 117414.26791666668 11507.107732408816 140287.572 54501.102 106021.8868857143 35
170 1.1 125965.68045454547 7612.468631332851 140287.572 54501.102 108930.57991489362 47
180 1.4 125478.89971428573 14975.521513792677 143436.79 54501.102 112161.37484482759 58
190 2.2 114119.86295454548 14526.293095349989 143436.79 54501.102 114750.89356944445 72
200 3.6 127170.96616666665 18189.382768857115 161163.892 54501.102 114603.2055531915 94
210 4.4 124574.84777272727 15700.757692280735 161163.892 54501.102 118083.5084923077 130
220 5 129971.43168000005 16908.64444571554 169738.856 54501.102 119724.9965862069 174
230 9.7 134483.31303092788 15727.66646714426 169738.856 54501.102 122012.14727678572 224
240 5.4 135494.92201851847 10519.755763638917 169738.856 54501.102 125780.69269158879 321
250 1.8 142289.13927777778 6834.66919772552 169738.856 54501.102 127179.54171466666 375
259 0.3 146246.949 802.7392006141644 169738.856 54501.102 127871.58435114504 393
