0 36.40390625 36.40390625
10 138.48359375 174.8875
20 619.83046875 794.71796875
30 1078.8125 1873.53046875
40 998.41171875 2871.9421875
50 1175.1046875 4047.046875
60 1600.85703125 5647.90390625
70 1249.5875 6897.49140625
80 1129.25703125 8026.7484375
90 1489.61328125 9516.36171875
100 1670.73828125 11187.1
110 1262.2109375 12449.3109375
120 1960.2171875 14409.528125
130 2705.13671875 17114.66484375
140 2742.49296875 19857.1578125
150 2927.1890625 22784.346875
160 2963.3359375 25747.6828125
170 2804.68125 28552.3640625
180 2746.09375 31298.4578125
190 2982.5890625 34281.046875
200 2915.875 37196.921875
210 3271.6203125 40468.5421875
220 3271.56875 43740.1109375
230 3526.76796875 47266.87890625
240 1437.534375 48704.41328125
250 500.5609375 49204.97421875
259 68.18828125 49273.1625
