0 11.32734375 11.32734375
10 46.66953125 57.996875
20 127.1109375 185.1078125
30 120.55859375 305.66640625
40 160.3546875 466.02109375
50 242.15859375 708.1796875
60 219.3375 927.5171875
70 259.765625 1187.2828125
80 242.015625 1429.2984375
90 228.1890625 1657.4875
100 442.91484375 2100.40234375
110 636.17578125 2736.578125
120 808.7078125 3545.2859375
130 827.18515625 4372.47109375
140 880.61640625 5253.0875
150 867.75390625 6120.84140625
160 725.96875 6846.81015625
170 756.02890625 7602.8390625
180 705.09453125 8307.93359375
190 692.52734375 9000.4609375
200 503.0953125 9503.55625
210 487.5640625 9991.1203125
220 416.12109375 10407.24140625
230 367.63046875 10774.871875
240 160.45859375 10935.33046875
250 63.72265625 10999.053125
259 5.75859375 11004.81171875
