0 0.4 3.78175 3.806157273090538 10.374 1.535 0 0
10 0.5 1.5977999999999999 0.05855390678682336 10.374 1.527 3.78175 4
20 0.8 1.626875 0.11686363581114524 10.374 1.489 2.5684444444444443 9
30 1.2 1.5935833333333331 0.07089835251181008 10.374 1.489 2.1253529411764704 17
40 1.9 1.5242631578947368 0.17733045041012924 10.374 1.224 1.905310344827586 29
50 2.8 1.5449285714285714 0.34878328602764896 10.374 1.224 1.7544791666666668 48
60 2.7 1.9982962962962967 2.424601056375847 14.264 1.224 1.677276315789474 76
70 4.2 1.4839285714285713 0.3971550850292941 14.264 1.16 1.7614271844660196 103
80 3.9 1.6044615384615382 0.3489203748821346 14.264 1.16 1.681048275862069 145
90 6 1.4501833333333338 0.1623882684254692 14.264 1.16 1.6648152173913044 184
100 8.8 1.3792386363636366 0.2861096021043724 14.264 1.157 1.6120368852459017 244
110 7.5 1.4540133333333336 0.2665515831671027 14.264 1.157 1.550331325301205 332
120 2.8 2.0952857142857138 1.8972608423940112 14.264 1.157 1.5325823095823097 407
130 0 0 0 14.264 1.157 1.568802298850575 435
140 0 0 0 14.264 1.157 1.568802298850575 435
150 0 0 0 14.264 1.157 1.568802298850575 435
160 0 0 0 14.264 1.157 1.568802298850575 435
170 0 0 0 14.264 1.157 1.568802298850575 435
180 0 0 0 14.264 1.157 1.568802298850575 435
190 0 0 0 14.264 1.157 1.568802298850575 435
200 0 0 0 14.264 1.157 1.568802298850575 435
210 0 0 0 14.264 1.157 1.568802298850575 435
220 0 0 0 14.264 1.157 1.568802298850575 435
230 0 0 0 14.264 1.157 1.568802298850575 435
240 0 0 0 14.264 1.157 1.568802298850575 435
249 0 0 0 14.264 1.157 1.568802298850575 435
