0 0.1 1.4889739804391955 0 1.4889739804391955 1.4889739804391955 0 0
10 0.1 2.197802197802198 0.0 2.197802197802198 1.4889739804391955 1.4889739804391955 1
20 0.1 0.6006006006006006 0.0 2.197802197802198 0.6006006006006006 1.8433880891206966 2
30 0.1 0.8999999999999999 0.0 2.197802197802198 0.6006006006006006 1.4291255929473312 3
40 0.1 0.9054325955734407 0.0 2.197802197802198 0.6006006006006006 1.2968441947104985 4
50 0.1 1.5045135406218655 0.0 2.197802197802198 0.6006006006006006 1.2185618748830869 5
60 0.1 3.5211267605633805 0.0 3.5211267605633805 0.6006006006006006 1.26622048583955 6
70 0.1 7.971745711402624 0.0 7.971745711402624 0.6006006006006006 1.58834995365724 7
80 0.1 3.420523138832998 0.0 7.971745711402624 0.6006006006006006 2.386274423375413 8
90 0.1 2.014098690835851 0.0 7.971745711402624 0.6006006006006006 2.501190947315145 9
100 0.1 2.8197381671701915 0.0 7.971745711402624 0.6006006006006006 2.4524817216672155 10
110 0.1 6.712734452122408 0.0 7.971745711402624 0.6006006006006006 2.485868671258395 11
120 0.1 8.070866141732283 0.0 8.070866141732283 0.6006006006006006 2.838107486330396 12
130 0.1 9.268292682926829 0.0 9.268292682926829 0.6006006006006006 3.240627382899772 13
140 0.1 6.045589692765114 0.0 9.268292682926829 0.6006006006006006 3.6711749043302757 14
150 0.1 5.005005005005005 0.0 9.268292682926829 0.6006006006006006 3.829469223559265 15
160 0.1 6.981317600786626 0.0 9.268292682926829 0.6006006006006006 3.9029402098996235 16
170 0.1 5.467196819085487 0.0 9.268292682926829 0.6006006006006006 4.084021232892977 17
180 0.1 5.5721393034825875 0.0 9.268292682926829 0.6006006006006006 4.160864321014783 18
190 0.1 7.569721115537849 0.0 9.268292682926829 0.6006006006006006 4.235141951670983 19
200 0.1 3.826787512588117 0.0 9.268292682926829 0.6006006006006006 4.401870909864327 20
210 0.1 4.426559356136821 0.0 9.268292682926829 0.6006006006006006 4.374485986184507 21
220 0.1 4.609218436873747 0.0 9.268292682926829 0.6006006006006006 4.376852957545976 22
230 0.1 7.385229540918163 0.0 9.268292682926829 0.6006006006006006 4.386955804473271 23
240 0.1 2.404809619238477 0.0 9.268292682926829 0.6006006006006006 4.511883876825141 24
249 0.1 0.8032128514056224 0.0 9.268292682926829 0.6006006006006006 4.427600906521674 25
