0 0.1 3511.83984375 0 3511.83984375 3511.83984375 0 0
10 0.1 3514.5 0.0 3514.5 3511.83984375 3511.83984375 1
20 0.1 3514.5234375 0.0 3514.5234375 3511.83984375 3513.169921875 2
30 0.1 3512.32421875 0.0 3514.5234375 3511.83984375 3513.62109375 3
40 0.1 3508.23046875 0.0 3514.5234375 3508.23046875 3513.296875 4
50 0.1 3502.80859375 0.0 3514.5234375 3502.80859375 3512.28359375 5
60 0.1 3493.82421875 0.0 3514.5234375 3493.82421875 3510.7044270833335 6
70 0.1 3483.609375 0.0 3514.5234375 3483.609375 3508.29296875 7
80 0.1 3473.69921875 0.0 3514.5234375 3473.69921875 3505.20751953125 8
90 0.1 3459.22265625 0.0 3514.5234375 3459.22265625 3501.706597222222 9
100 0.1 3455.21484375 0.0 3514.5234375 3455.21484375 3497.458203125 10
110 0.1 3438.265625 0.0 3514.5234375 3438.265625 3493.6178977272725 11
120 0.1 3428.57421875 0.0 3514.5234375 3428.57421875 3489.0052083333335 12
130 0.1 3404.90234375 0.0 3514.5234375 3404.90234375 3484.356670673077 13
140 0.1 3401.39453125 0.0 3514.5234375 3401.39453125 3478.6813616071427 14
150 0.1 3398.7578125 0.0 3514.5234375 3398.7578125 3473.52890625 15
160 0.1 3383.51953125 0.0 3514.5234375 3383.51953125 3468.855712890625 16
170 0.1 3382.08203125 0.0 3514.5234375 3382.08203125 3463.8359375 17
180 0.1 3380.76953125 0.0 3514.5234375 3380.76953125 3459.2940538194443 18
190 0.1 3380.3359375 0.0 3514.5234375 3380.3359375 3455.1611842105262 19
200 0.1 3378.79296875 0.0 3514.5234375 3378.79296875 3451.419921875 20
210 0.1 3378.48046875 0.0 3514.5234375 3378.48046875 3447.961495535714 21
220 0.1 3377.6875 0.0 3514.5234375 3377.6875 3444.8032670454545 22
230 0.1 3377.71484375 0.0 3514.5234375 3377.6875 3441.8851902173915 23
240 0.1 3389.4609375 0.0 3514.5234375 3377.6875 3439.21142578125 24
249 0.1 3390.50390625 0.0 3514.5234375 3377.6875 3437.22140625 25
