0 0.1 0.0 0 0.0 0.0 0 0
10 0.1 0.0 0.0 0.0 0.0 0.0 1
20 0.1 0.0 0.0 0.0 0.0 0.0 2
30 0.1 0.0 0.0 0.0 0.0 0.0 3
40 0.1 0.0 0.0 0.0 0.0 0.0 4
50 0.1 0.0 0.0 0.0 0.0 0.0 5
60 0.1 0.0 0.0 0.0 0.0 0.0 6
70 0.1 0.078125 0.0 0.078125 0.0 0.0 7
80 0.1 0.1484375 0.0 0.1484375 0.0 0.009765625 8
90 0.1 0.12109375 0.0 0.1484375 0.0 0.025173611111111112 9
100 0.1 0.1015625 0.0 0.1484375 0.0 0.034765625 10
110 0.1 0.23828125 0.0 0.23828125 0.0 0.040838068181818184 11
120 0.1 0.28125 0.0 0.28125 0.0 0.057291666666666664 12
130 0.1 0.30859375 0.0 0.30859375 0.0 0.07451923076923077 13
140 0.1 0.26171875 0.0 0.30859375 0.0 0.09123883928571429 14
150 0.1 0.21875 0.0 0.30859375 0.0 0.10260416666666666 15
160 0.1 0.19140625 0.0 0.30859375 0.0 0.10986328125 16
170 0.1 0.16015625 0.0 0.30859375 0.0 0.11465992647058823 17
180 0.1 0.12890625 0.0 0.30859375 0.0 0.1171875 18
190 0.1 0.109375 0.0 0.30859375 0.0 0.11780427631578948 19
200 0.1 0.08984375 0.0 0.30859375 0.0 0.1173828125 20
210 0.1 0.078125 0.0 0.30859375 0.0 0.11607142857142858 21
220 0.1 0.0703125 0.0 0.30859375 0.0 0.11434659090909091 22
230 0.1 0.05859375 0.0 0.30859375 0.0 0.11243206521739131 23
240 0.1 0.05078125 0.0 0.30859375 0.0 0.11018880208333333 24
249 0.1 0.0390625 0.0 0.30859375 0.0 0.1078125 25
