0 1.9 48.118947368421054 60.89454449030258 197.0 8.492 0 0
10 4.1 51.31470731707318 74.15759498206569 320.776 7.394 48.118947368421054 19
20 7.4 63.35086486486487 78.82946066382357 330.726 7.394 50.302716666666676 60
30 13.4 54.24950746268657 66.60661783945449 330.726 7.394 57.5084104477612 134
40 20.8 218.57290865384613 321.0309932407921 1480.21 7.394 55.87895895522389 268
50 30.9 449.2233203883494 435.295852411162 1957.76 7.394 126.97211344537814 476
60 36.9 405.1589945799457 294.7716821912587 1957.76 7.394 253.82004076433117 785
70 33.2 1565.6742168674677 806.9153785687496 4757.313 7.394 302.2117859618717 1154
80 30.1 3384.654196013289 1061.4726897086966 7836.316 7.394 584.4927597577383 1486
90 38.4 2999.1565859375023 1614.9122066001798 8178.799 0.904 1056.1483794068265 1787
100 84.5 1975.1133633136092 2434.760112660147 10014.595 0.839 1399.8218714877935 2171
110 114.6 1354.3199773123872 2482.4644149411747 11111.965 0.826 1561.0026773872676 3016
120 145.2 1174.2443319559245 1931.0674041725154 11168.383 0.826 1504.0929286400756 4162
130 142.5 1241.993684912281 1740.5976512535015 11168.383 0.826 1418.7811790167434 5614
140 131.9 1255.0245451099322 1391.0042095730462 11168.383 0.826 1382.991694843017 7039
150 133.4 1150.2025967016511 1474.485416439164 11168.383 0.826 1362.7968311797076 8358
160 124.7 1310.881760224539 1376.8864237045686 11168.383 0.826 1333.5355116591002 9692
170 120.2 1347.5321772046589 1329.4643341809062 11168.383 0.826 1330.9530792577018 10939
180 109.6 1439.3578503649626 1491.5518609909611 11168.383 0.826 1332.5944659418499 12141
190 90.7 1729.9881885336274 1037.8998114505391 11168.383 0.826 1341.43428382564 13237
200 80.3 1857.5269887920279 845.9237106611041 11168.383 0.826 1366.350742505656 14144
210 56.7 2203.833315696647 775.4578858989294 11168.383 0.826 1392.7382801900044 14947
220 67.1 955.4889150521614 886.4181359217142 11168.383 0.826 1422.38188500709 15514
230 24 68.72389166666669 88.71899845343118 11168.383 0.826 1403.025370775409 16185
240 8.6 33.03913953488371 50.51016488100302 11168.383 0.826 1383.528728158295 16425
249 1.9 36.064 42.001159584243055 11168.383 0.826 1376.4945022106472 16511
