10 0.1 309 0 309 309 0 0
20 0.1 179.0 0.0 309 179 309.0 1
30 0.1 493.0 0.0 493 179 244.0 2
40 0.1 866.0 0.0 866 179 327.0 3
50 0.1 1311.0 0.0 1311 179 461.75 4
60 0.1 2109.0 0.0 2109 179 631.6 5
70 0.1 3433.0 0.0 3433 179 877.8333333333334 6
80 0.1 2399.0 0.0 3433 179 1242.857142857143 7
90 0.1 2287.0 0.0 3433 179 1387.375 8
100 0.1 2287.0 0.0 3433 179 1487.3333333333333 9
110 0.1 2931.0 0.0 3433 179 1567.3 10
120 0.1 3259.0 0.0 3433 179 1691.2727272727273 11
130 0.1 4239.0 0.0 4239 179 1821.9166666666667 12
140 0.1 5402.0 0.0 5402 179 2007.8461538461538 13
150 0.1 5277.0 0.0 5402 179 2250.285714285714 14
160 0.1 5515.0 0.0 5515 179 2452.0666666666666 15
170 0.1 4996.0 0.0 5515 179 2643.5 16
180 0.1 5265.0 0.0 5515 179 2781.8823529411766 17
190 0.1 5565.0 0.0 5565 179 2919.8333333333335 18
200 0.1 5118.0 0.0 5565 179 3059.0526315789475 19
210 0.1 5107.0 0.0 5565 179 3162.0 20
220 0.1 5231.0 0.0 5565 179 3254.6190476190477 21
230 0.1 5411.0 0.0 5565 179 3344.4545454545455 22
240 0.1 2328.0 0.0 5565 179 3434.304347826087 23
249 0.1 700.0 0.0 5565 179 3388.2083333333335 24
