0 1.9 48.118947368421054 60.89454449030258 197.0 8.492 0 0
10 4.2 50.09090476190478 73.27546435420429 320.776 7.394 48.118947368421054 19
20 7.9 59.337354430379754 76.34260960344658 330.726 7.394 49.47668852459017 61
30 14.2 51.190028169014084 63.39374758079251 330.726 7.394 55.04092142857144 140
40 22 206.64773636363637 289.9155694361621 1249.053 7.394 53.10181914893617 282
50 32.9 425.01513069908816 388.93595403292267 1621.053 7.394 120.39285856573706 502
60 39.4 376.82023096446716 256.01391187310224 1621.053 7.394 240.99541877256317 831
70 35.4 1487.274844632767 614.8357964619374 2772.792 7.394 284.6811134693878 1225
80 32.1 3270.0298006230532 811.4553115064152 4561.649 7.394 554.2936409119694 1579
90 40.5 2861.2957629629677 1344.4390970901939 5146.454 0.904 1013.1101184210526 1900
100 88.3 1884.7958165345403 2272.5779926053356 5477.029 0.818 1337.8455570498922 2305
110 121.8 1269.9349704433453 2288.216449696945 6369.853 0.818 1489.3377399623591 3188
120 157.4 1085.9217992376132 1770.5019855939354 6369.853 0.813 1428.6857714480245 4406
130 159.6 1109.598073308273 1502.1579834793945 6369.853 0.813 1338.4666255852842 5980
140 147.7 1108.1571773865942 1205.4714802128 6369.853 0.813 1290.2519728088705 7576
150 149.7 1036.6924829659317 1275.7803880056695 6369.853 0.813 1260.5431455870985 9053
160 139 1172.807948920864 1165.864711003222 6369.853 0.813 1228.7796913744078 10550
170 134.3 1195.2293603871906 1136.3618661247942 6369.853 0.813 1222.2637180067004 11940
180 123 1286.6696764227659 1258.3258057570622 6369.853 0.813 1219.5303639238125 13283
190 101.4 1555.2884635108462 833.3507416436623 6369.853 0.813 1225.2205282160824 14513
200 90.4 1651.2250951327424 601.7462076394046 6369.853 0.813 1246.775811682875 15527
210 65.3 1929.9366493108714 324.780939080578 6369.853 0.813 1269.0277837015396 16431
220 77.2 772.3148601036269 616.0775849355115 6369.853 0.813 1294.2896362678528 17084
230 28.5 57.84310877192989 69.5976394379798 6369.853 0.813 1271.7221784274193 17856
240 10.4 27.312173076923067 41.06616380550798 6369.853 0.813 1252.6518110357752 18141
249 2.5 27.39347999999999 34.63199608468447 6369.853 0.813 1245.6671400383664 18245
