10 0.1 260 0 260 260 0 0
20 0.1 166.0 0.0 260 166 260.0 1
30 0.1 366.0 0.0 366 166 213.0 2
40 0.1 642.0 0.0 642 166 264.0 3
50 0.1 948.0 0.0 948 166 358.5 4
60 0.1 1503.0 0.0 1503 166 476.4 5
70 0.1 2375.0 0.0 2375 166 647.5 6
80 0.1 1773.0 0.0 2375 166 894.2857142857143 7
90 0.1 1472.0 0.0 2375 166 1004.125 8
100 0.1 1775.0 0.0 2375 166 1056.111111111111 9
110 0.1 2801.0 0.0 2801 166 1128.0 10
120 0.1 3317.0 0.0 3317 166 1280.090909090909 11
130 0.1 4098.0 0.0 4098 166 1449.8333333333333 12
140 0.1 4342.0 0.0 4342 166 1653.5384615384614 13
150 0.1 4086.0 0.0 4342 166 1845.5714285714287 14
160 0.1 4210.0 0.0 4342 166 1994.9333333333334 15
170 0.1 3934.0 0.0 4342 166 2133.375 16
180 0.1 4031.0 0.0 4342 166 2239.294117647059 17
190 0.1 3964.0 0.0 4342 166 2338.8333333333335 18
200 0.1 3408.0 0.0 4342 166 2424.3684210526317 19
210 0.1 3263.0 0.0 4342 166 2473.55 20
220 0.1 3013.0 0.0 4342 166 2511.1428571428573 21
230 0.1 3119.0 0.0 4342 166 2533.954545454546 22
240 0.1 1307.0 0.0 4342 166 2559.391304347827 23
249 0.1 435.0 0.0 4342 166 2507.2083333333344 24
