70 0.2 66380.899 6567.178000000005 72948.077 59813.721 0 0
80 0.1 77580.388 0.0 77580.388 59813.721 66380.899 2
90 0.1 93043.363 0.0 93043.363 59813.721 70114.062 3
100 0.2 98713.2695 2303.3505000000005 101016.62 59813.721 75846.38725 4
110 0.1 96321.419 0.0 101016.62 59813.721 83468.68133333333 6
120 0.4 101656.60849999999 6872.946655838406 110652.052 59813.721 85304.78671428571 7
130 0.4 105950.903 10904.211504509462 116608.239 59813.721 91250.90372727271 11
140 0.7 110679.13528571429 8979.248050624195 120024.174 59813.721 95170.90353333332 15
150 1.1 112826.94963636364 11592.210361109248 139848.54 59813.721 100105.34090909091 22
160 1.8 119171.52105555554 10706.071674691992 139848.54 59813.721 104345.87715151515 33
170 1.1 119247.64945454545 14777.364441050826 139848.54 59813.721 109578.45735294116 51
180 3.1 119723.29151612903 15554.668180181945 142464.807 59813.721 111293.95917741934 62
190 3.3 115269.4815151515 16500.50922238652 145195.27 59813.721 114103.7366236559 93
200 4.3 113989.38767441855 14592.513254083322 152639.87 59813.721 114409.05076190474 126
210 6.4 121665.86118749998 16392.328336698763 156098.983 59813.721 114302.27257988164 169
220 11.8 124463.52444067795 13303.07334794865 156913.636 59813.721 116324.88919313303 233
230 5.5 123559.75203636367 9606.41830504642 156913.636 59813.721 119060.95460398858 351
240 2.1 132757.43919047623 10065.597601437392 162044.654 59813.721 119670.39760591132 406
249 0.8 137179.47925 8219.6215791567 162044.654 59813.721 120314.02260187353 427
