0 10.834375 10.834375
10 26.63671875 37.47109375
20 49.7828125 87.25390625
30 95.30078125 182.5546875
40 144.953125 327.5078125
50 221.9046875 549.4125
60 265.1125 814.525
70 262.98828125 1077.51328125
80 234.3796875 1311.89296875
90 264.82890625 1576.721875
100 499.7203125 2076.4421875
110 706.9828125 2783.425
120 945.8421875 3729.2671875
130 1014.6921875 4743.959375
140 947.66328125 5691.62265625
150 1004.92421875 6696.546875
160 948.4296875 7644.9765625
170 931.025 8576.0015625
180 855.8203125 9431.821875
190 704.75234375 10136.57421875
200 618.6421875 10755.21640625
210 436.20546875 11191.421875
220 436.68984375 11628.11171875
230 193.24296875 11821.3546875
240 70.21328125 11891.56796875
249 15.928125 11907.49609375
