0 25.15859375 25.15859375
10 83.85 109.00859375
20 327.72109375 436.7296875
30 508.8046875 945.534375
40 815.85859375 1761.39296875
50 1335.8265625 3097.21953125
60 1644.8140625 4742.03359375
70 1546.56640625 6288.6
80 1326.309375 7614.909375
90 1434.05546875 9048.96484375
100 1253.20546875 10302.1703125
110 1768.065625 12070.2359375
120 2091.8265625 14162.0625
130 3491.47890625 17653.54140625
140 3306.94609375 20960.4875
150 3683.67734375 24644.16484375
160 3129.1203125 27773.28515625
170 3469.903125 31243.18828125
180 3739.98671875 34983.175
190 3485.1796875 38468.3546875
200 3904.24921875 42372.60390625
210 4408.79453125 46781.3984375
220 4449.33671875 51230.73515625
230 2139.51796875 53370.253125
240 647.21171875 54017.46484375
249 229.06171875 54246.5265625
