0 0.8 5.251 8.14427524399808 26.677 1.495 0 0
10 0.7 1.482 0.12479354378904607 26.677 1.241 5.251 8
20 0.7 1.6428571428571428 0.14025836218659224 26.677 1.241 3.4921333333333338 15
30 1.6 1.5401875 0.10953208362735549 26.677 1.241 2.903727272727273 22
40 2.2 1.5937727272727273 0.11865800046511893 26.677 1.241 2.329605263157895 38
50 2.2 1.6603636363636367 0.591760819730907 26.677 1.241 2.0598 60
60 2.7 1.8403703703703709 1.0371931549154993 26.677 1.241 1.9526341463414636 82
70 3 1.5388333333333333 0.4772048535191382 26.677 1.24 1.924825688073395 109
80 3.1 1.395387096774194 0.10949463896711571 26.677 1.19 1.841517985611511 139
90 6.7 1.4624626865671646 0.2743149039300553 26.677 1.148 1.7601647058823533 170
100 8.7 1.5675172413793097 0.31863234541053 26.677 1.148 1.676004219409283 237
110 8.3 1.6866626506024096 1.4164159017313067 26.677 1.148 1.6468734567901233 324
120 1.2 1.5030833333333333 0.25632578825046504 26.677 1.148 1.6549877149877148 407
130 0 0 0 26.677 1.148 1.6506372315035798 419
140 0 0 0 26.677 1.148 1.6506372315035798 419
150 0 0 0 26.677 1.148 1.6506372315035798 419
160 0 0 0 26.677 1.148 1.6506372315035798 419
170 0 0 0 26.677 1.148 1.6506372315035798 419
180 0 0 0 26.677 1.148 1.6506372315035798 419
190 0 0 0 26.677 1.148 1.6506372315035798 419
200 0 0 0 26.677 1.148 1.6506372315035798 419
210 0 0 0 26.677 1.148 1.6506372315035798 419
220 0 0 0 26.677 1.148 1.6506372315035798 419
230 0 0 0 26.677 1.148 1.6506372315035798 419
240 0 0 0 26.677 1.148 1.6506372315035798 419
246 0 0 0 26.677 1.148 1.6506372315035798 419
