0 0.1 1.3124702107624882 0 1.3124702107624882 1.3124702107624882 0 0
10 0.1 2.788844621513944 0.0 2.788844621513944 1.3124702107624882 1.3124702107624882 1
20 0.1 1.3916500994035785 0.0 2.788844621513944 1.3124702107624882 2.050657416138216 2
30 0.1 1.787487586891758 0.0 2.788844621513944 1.3124702107624882 1.8309883105600033 3
40 0.1 2.3856858846918487 0.0 2.788844621513944 1.3124702107624882 1.820113129642942 4
50 0.1 2.7695351137487636 0.0 2.788844621513944 1.3124702107624882 1.9332276806527233 5
60 0.1 3.4653465346534658 0.0 3.4653465346534658 1.3124702107624882 2.0726122528353965 6
70 0.1 4.137931034482759 0.0 4.137931034482759 1.3124702107624882 2.271574293095121 7
80 0.1 4.047384007897334 0.0 4.137931034482759 1.3124702107624882 2.5048688857685755 8
90 0.1 3.865213082259663 0.0 4.137931034482759 1.3124702107624882 2.676259454893993 9
100 0.1 5.653021442495127 0.0 5.653021442495127 1.3124702107624882 2.79515481763056 10
110 0.1 11.02661596958175 0.0 11.02661596958175 1.3124702107624882 3.0549608744364294 11
120 0.1 12.535344015080113 0.0 12.535344015080113 1.3124702107624882 3.7192654656985393 12
130 0.1 10.869565217391305 0.0 12.535344015080113 1.3124702107624882 4.397425354112507 13
140 0.1 11.57495256166983 0.0 12.535344015080113 1.3124702107624882 4.859721058632421 14
150 0.1 7.930367504835589 0.0 12.535344015080113 1.3124702107624882 5.307403158834915 15
160 0.1 7.6773566569484935 0.0 12.535344015080113 1.3124702107624882 5.471338430459957 16
170 0.1 8.551992225461614 0.0 12.535344015080113 1.3124702107624882 5.601104208488694 17
180 0.1 13.76953125 0.0 13.76953125 1.3124702107624882 5.765042431653857 18
190 0.1 7.536231884057972 0.0 13.76953125 1.3124702107624882 6.186331316829969 19
200 0.1 8.333333333333332 0.0 13.76953125 1.3124702107624882 6.253826345191369 20
210 0.1 6.200787401574804 0.0 13.76953125 1.3124702107624882 6.3528504874838445 21
220 0.1 7.421875 0.0 13.76953125 1.3124702107624882 6.345938529033433 22
230 0.1 7.534246575342466 0.0 13.76953125 1.3124702107624882 6.392718375597197 23
240 0.1 4.6351084812623276 0.0 13.76953125 1.3124702107624882 6.4402820505865845 24
246 0.1 1.5968063872255487 0.0 13.76953125 1.3124702107624882 6.368075107813614 25
