0 0.1 3512.4453125 0 3512.4453125 3512.4453125 0 0
10 0.1 3514.80859375 0.0 3514.80859375 3512.4453125 3512.4453125 1
20 0.1 3512.515625 0.0 3514.80859375 3512.4453125 3513.626953125 2
30 0.1 3508.41796875 0.0 3514.80859375 3508.41796875 3513.2565104166665 3
40 0.1 3503.83984375 0.0 3514.80859375 3503.83984375 3512.046875 4
50 0.1 3501.6875 0.0 3514.80859375 3501.6875 3510.40546875 5
60 0.1 3493.09375 0.0 3514.80859375 3493.09375 3508.9524739583335 6
70 0.1 3482.81640625 0.0 3514.80859375 3482.81640625 3506.686941964286 7
80 0.1 3473.421875 0.0 3514.80859375 3473.421875 3503.703125 8
90 0.1 3460.3828125 0.0 3514.80859375 3460.3828125 3500.3385416666665 9
100 0.1 3456.515625 0.0 3514.80859375 3456.515625 3496.34296875 10
110 0.1 3438.54296875 0.0 3514.80859375 3438.54296875 3492.7223011363635 11
120 0.1 3430.81640625 0.0 3514.80859375 3430.81640625 3488.2073567708335 12
130 0.1 3421.94140625 0.0 3514.80859375 3421.94140625 3483.792668269231 13
140 0.1 3404.484375 0.0 3514.80859375 3404.484375 3479.3747209821427 14
150 0.1 3387.328125 0.0 3514.80859375 3387.328125 3474.38203125 15
160 0.1 3385.89453125 0.0 3514.80859375 3385.89453125 3468.941162109375 16
170 0.1 3383.953125 0.0 3514.80859375 3383.953125 3464.0560661764707 17
180 0.1 3382.84765625 0.0 3514.80859375 3382.84765625 3459.605902777778 18
190 0.1 3381.1640625 0.0 3514.80859375 3381.1640625 3455.5659950657896 19
200 0.1 3379.1640625 0.0 3514.80859375 3379.1640625 3451.8458984375 20
210 0.1 3379.44140625 0.0 3514.80859375 3379.1640625 3448.3848586309523 21
220 0.1 3379.71484375 0.0 3514.80859375 3379.1640625 3445.251065340909 22
230 0.1 3377.421875 0.0 3514.80859375 3377.421875 3442.401664402174 23
240 0.1 3385.93359375 0.0 3514.80859375 3377.421875 3439.6941731770835 24
246 0.1 3403.078125 0.0 3514.80859375 3377.421875 3437.54375 25
