0 0.1 0.0 0 0.0 0.0 0 0
10 0.1 0.0 0.0 0.0 0.0 0.0 1
20 0.1 0.0 0.0 0.0 0.0 0.0 2
30 0.1 0.0 0.0 0.0 0.0 0.0 3
40 0.1 0.0 0.0 0.0 0.0 0.0 4
50 0.1 0.0 0.0 0.0 0.0 0.0 5
60 0.1 0.0 0.0 0.0 0.0 0.0 6
70 0.1 0.1484375 0.0 0.1484375 0.0 0.0 7
80 0.1 0.19921875 0.0 0.19921875 0.0 0.0185546875 8
90 0.1 0.171875 0.0 0.19921875 0.0 0.038628472222222224 9
100 0.1 0.2109375 0.0 0.2109375 0.0 0.051953125 10
110 0.1 0.1796875 0.0 0.2109375 0.0 0.06640625 11
120 0.1 0.1484375 0.0 0.2109375 0.0 0.07584635416666667 12
130 0.1 0.12890625 0.0 0.2109375 0.0 0.08143028846153846 13
140 0.1 0.1796875 0.0 0.2109375 0.0 0.08482142857142858 14
150 0.1 0.23046875 0.0 0.23046875 0.0 0.09114583333333333 15
160 0.1 0.19140625 0.0 0.23046875 0.0 0.099853515625 16
170 0.1 0.16015625 0.0 0.23046875 0.0 0.1052389705882353 17
180 0.1 0.2109375 0.0 0.23046875 0.0 0.10828993055555555 18
190 0.1 0.25 0.0 0.25 0.0 0.11369243421052631 19
200 0.1 0.2109375 0.0 0.25 0.0 0.1205078125 20
210 0.1 0.26171875 0.0 0.26171875 0.0 0.1248139880952381 21
220 0.1 0.21875 0.0 0.26171875 0.0 0.13103693181818182 22
230 0.1 0.1796875 0.0 0.26171875 0.0 0.13485054347826086 23
240 0.1 0.16015625 0.0 0.26171875 0.0 0.13671875 24
246 0.1 0.12890625 0.0 0.26171875 0.0 0.13765625 25
