0 3.2 43.579625 55.16346289424165 199.802 8.751 0 0
10 8 61.83767500000003 80.00271402549025 356.414 7.655 43.579625 32
20 9.9 54.30533333333335 71.26372052177784 356.414 7.523 56.62108928571431 112
30 18.8 108.14251063829786 129.47696364656093 657.031 7.523 55.5345497630332 211
40 23.9 129.1745564853556 137.55471137369437 657.031 7.523 80.32226065162908 399
50 30 596.1496533333334 557.865319115047 2759.818 7.523 98.62272884012538 638
60 36.2 582.3283314917121 372.16159216359364 2759.818 7.523 257.7464786780384 938
70 36.3 1640.7741487603291 702.4410760133186 4292.598 7.523 348.1300407692306 1300
80 30.9 2555.995822006478 843.529978149811 5591.904 7.523 630.2886764882737 1663
90 41.1 2868.2745742092466 1184.9369786321918 6991.653 0.882 932.0348772819477 1972
100 77.7 1808.851666666666 2243.757800906389 9609.206 0.873 1265.9813797733955 2383
110 120.8 1405.9281498344362 2443.270570522366 11272.401 0.851 1399.4656243670888 3160
120 133.9 1216.3879417475696 2049.7575322659727 11272.401 0.851 1401.2528795787546 4368
130 129.2 1368.2792306501524 1766.360558555409 11272.401 0.851 1357.8791014543535 5707
140 123.4 1313.9857957860618 1487.1259964046449 11272.401 0.847 1359.7989424203447 6999
150 116.9 1338.3076056458524 1423.756355028532 11272.401 0.847 1352.9322567715285 8233
160 112.2 1420.072622994654 1417.8816845450967 11272.401 0.847 1351.1138971495423 9402
170 104.5 1572.2990277511965 1468.859210772125 11272.401 0.847 1358.4658251615351 10524
180 99.3 1669.3661772406865 1354.1997766333945 11272.401 0.847 1377.7808650704465 11569
190 82.4 1843.694307038835 1153.740807205141 11272.401 0.847 1400.830078172265 12562
200 73 2067.4580534246547 1021.619373471354 11272.401 0.847 1428.0914052741666 13386
210 66.7 1976.8258110944523 909.7902827331318 11272.401 0.847 1461.1558465570977 14116
220 60.7 1220.8651548599687 779.1373173096657 11272.401 0.847 1484.422562808631 14783
230 40.5 270.86611358024686 367.8800761911977 11272.401 0.847 1474.0275435347623 15390
240 11.2 48.752732142857155 71.05451391235543 11272.401 0.847 1443.1772504590056 15795
246 1.5 33.335266666666676 37.426006762618364 11272.401 0.847 1433.3592114792227 15907
