10 0.1 416 0 416 416 0 0
20 0.1 326.0 0.0 416 326 416.0 1
30 0.1 818.0 0.0 818 326 371.0 2
40 0.1 1121.0 0.0 1121 326 520.0 3
50 0.1 1451.0 0.0 1451 326 670.25 4
60 0.1 2303.0 0.0 2303 326 826.4 5
70 0.1 2208.0 0.0 2303 326 1072.5 6
80 0.1 2356.0 0.0 2356 326 1234.7142857142858 7
90 0.1 2668.0 0.0 2668 326 1374.875 8
100 0.1 2519.0 0.0 2668 326 1518.5555555555557 9
110 0.1 3191.0 0.0 3191 326 1618.6 10
120 0.1 3352.0 0.0 3352 326 1761.5454545454545 11
130 0.1 3806.0 0.0 3806 326 1894.0833333333333 12
140 0.1 5367.0 0.0 5367 326 2041.1538461538462 13
150 0.1 5243.0 0.0 5367 326 2278.714285714286 14
160 0.1 5110.0 0.0 5367 326 2476.3333333333335 15
170 0.1 5149.0 0.0 5367 326 2640.9375 16
180 0.1 5939.0 0.0 5939 326 2788.470588235294 17
190 0.1 4767.0 0.0 5939 326 2963.5 18
200 0.1 5125.0 0.0 5939 326 3058.4210526315787 19
210 0.1 4971.0 0.0 5939 326 3161.7499999999995 20
220 0.1 5146.0 0.0 5939 326 3247.904761904762 21
230 0.1 5282.0 0.0 5939 326 3334.181818181818 22
240 0.1 2836.0 0.0 5939 326 3418.8695652173915 23
246 0.1 1010.0 0.0 5939 326 3394.5833333333335 24
