0 3.2 43.579625 55.16346289424165 199.802 8.751 0 0
10 8.3 59.59968674698794 78.81416643055253 356.414 7.655 43.579625 32
20 10.8 49.77489814814816 65.6212235707687 356.414 7.523 55.1419304347826 115
30 20 101.65051000000001 124.89271331086495 632.788 7.523 52.54265022421525 223
40 25.3 122.02336758893286 129.88187746729756 632.788 7.523 75.76149645390072 423
50 32.7 549.3253853211012 469.1415508129881 1863.662 7.523 93.0754807692308 676
60 38.5 546.9712571428566 323.73929212153007 1863.662 7.523 241.8229571286143 1003
70 38.5 1555.25838181818 498.51126869095634 2368.192 7.523 326.4642363112391 1388
80 33.5 2422.5994238806015 543.9732332513057 3267.596 7.523 593.2920682459104 1773
90 43.2 2726.8616828703703 951.2871150368844 3890.611 0.858 884.0026774193552 2108
100 82.2 1748.6654647201917 2065.327329755989 5808.243 0.849 1197.433815354331 2540
110 127.6 1314.433040752349 2219.311827794212 6348.678 0.824 1332.2084779892916 3362
120 144.8 1126.533673342541 1829.432989325945 6348.678 0.824 1327.3181248382914 4638
130 145.8 1213.6601268861414 1540.5389498173388 6348.678 0.824 1279.5468652645409 6086
140 138.3 1178.2098770788198 1278.8864244236854 6348.678 0.824 1266.8131875662764 7544
150 131.8 1172.6489537177558 1189.0867909625972 6348.678 0.824 1253.0864732832974 8927
160 125.3 1287.9896376695945 1237.9951346680368 6348.678 0.824 1242.7383375305026 10245
170 115.7 1402.4737891097657 1220.2940062286702 6348.678 0.824 1247.6696194120718 11498
180 111.1 1482.2105085508554 1126.7216624202822 6348.678 0.824 1261.8227939944686 12655
190 92.8 1655.7957058189656 920.7388803713262 6348.678 0.824 1279.6094241609765 13766
200 81.8 1837.614833740829 721.8833785443653 6348.678 0.824 1303.3674797876683 14694
210 75.9 1733.0678484848465 590.1475145957185 6348.678 0.824 1331.5401419546156 15512
220 69.9 1028.6454535050086 531.831229568484 6348.678 0.824 1350.2703693073563 16271
230 47.4 223.0934746835441 289.76160988146347 6348.678 0.824 1337.0225309958748 16970
240 13.5 39.554733333333324 55.754583050178574 6348.678 0.824 1306.7541078880988 17444
246 1.9 26.304000000000002 31.298711148846806 6348.678 0.824 1297.0225011092778 17579
