10 0.1 365 0 365 365 0 0
20 0.1 284.0 0.0 365 284 365.0 1
30 0.1 537.0 0.0 537 284 324.5 2
40 0.1 885.0 0.0 885 284 395.3333333333333 3
50 0.1 1020.0 0.0 1020 284 517.75 4
60 0.1 1486.0 0.0 1486 284 618.2 5
70 0.1 1452.0 0.0 1486 284 762.8333333333334 6
80 0.1 1574.0 0.0 1574 284 861.2857142857143 7
90 0.1 1914.0 0.0 1914 284 950.375 8
100 0.1 1933.0 0.0 1933 284 1057.4444444444443 9
110 0.1 2758.0 0.0 2758 284 1145.0 10
120 0.1 3515.0 0.0 3515 284 1291.6363636363637 11
130 0.1 3623.0 0.0 3623 284 1476.9166666666667 12
140 0.1 4325.0 0.0 4325 284 1642.0 13
150 0.1 4023.0 0.0 4325 284 1833.642857142857 14
160 0.1 3874.0 0.0 4325 284 1979.6 15
170 0.1 3849.0 0.0 4325 284 2098.0 16
180 0.1 4301.0 0.0 4325 284 2201.0 17
190 0.1 3336.0 0.0 4325 284 2317.6666666666665 18
200 0.1 3372.0 0.0 4325 284 2371.2631578947367 19
210 0.1 3141.0 0.0 4325 284 2421.3 20
220 0.1 3059.0 0.0 4325 284 2455.5714285714284 21
230 0.1 3110.0 0.0 4325 284 2483.0 22
240 0.1 1629.0 0.0 4325 284 2510.2608695652175 23
246 0.1 584.0 0.0 4325 284 2473.5416666666665 24
