50 0.1 52884.491 0 52884.491 52884.491 0 0
60 0 0 0 52884.491 52884.491 52884.491 1
70 0 0 0 52884.491 52884.491 52884.491 1
80 0.1 81042.776 0.0 81042.776 52884.491 52884.491 1
90 0.4 89839.974 1291.717832095505 91216.163 52884.491 66963.6335 2
100 0.4 88686.5135 5649.871419777511 97513.751 52884.491 82214.52716666667 6
110 0.2 106480.28099999999 4504.298000000006 110984.579 52884.491 84803.3217 10
120 0.7 102123.40142857142 8208.021448685564 116392.796 52884.491 88416.14824999998 12
130 0.3 113943.47066666668 8054.56436682624 123505.958 52884.491 93466.18889473683 19
140 0.7 109848.37114285714 12076.7447750161 137180.851 52884.491 96258.5455 22
150 1.4 114091.70157142857 11205.478983594861 137180.851 52884.491 99538.8482413793 29
160 1 115147.66510000001 14069.864354588162 137180.851 52884.491 104276.9865348837 43
170 1.5 117910.7262 15687.535862968474 140212.418 52884.491 106328.05796226412 53
180 2.2 118950.11568181818 15491.09670110689 140212.418 52884.491 108883.05830882351 68
190 2.3 120316.95526086958 21519.73943035016 148396.855 52884.491 111343.89455555553 90
200 3.9 121006.58835897438 16096.262801431876 154212.468 52884.491 113170.26974336282 113
210 5.5 124015.49287272728 16185.079759895654 156176.183 52884.491 115180.904125 152
220 9.3 123981.21436559141 12534.850686324391 166248.167 52884.491 117528.2586231884 207
230 8.2 127662.12797560972 10507.509828031347 166248.167 52884.491 119528.67490333333 300
240 3.1 134777.045967742 9771.013775949168 166248.167 52884.491 121274.59938481674 382
246 0.6 135988.39233333335 2824.5088409040623 166248.167 52884.491 122288.10021791767 413
