0 44.915625 44.915625
10 216.2921875 261.2078125
20 540.0203125 801.228125
30 763.23125 1564.459375
40 907.584375 2472.04375
50 1685.33671875 4157.38046875
60 1520.66640625 5678.046875
70 1475.81015625 7153.85703125
80 1655.4703125 8809.32734375
90 1342.82578125 10152.153125
100 1858.16328125 12010.31640625
110 1515.359375 13525.67578125
120 2137.13046875 15662.80625
130 3100.35234375 18763.15859375
140 3443.68359375 22206.8421875
150 3492.90078125 25699.74296875
160 3356.2109375 29055.95390625
170 3287.51328125 32343.4671875
180 3236.5078125 35579.975
190 3471.49453125 39051.46953125
200 3803.19765625 42854.6671875
210 4059.1765625 46913.84375
220 4020.459375 50934.303125
230 2816.2109375 53750.5140625
240 1115.06328125 54865.57734375
246 139.96484375 55005.5421875
