0 15.7296875 15.7296875
10 55.203125 70.9328125
20 73.8859375 144.81875
30 132.05625 276.875
40 161.33828125 438.21328125
50 227.38125 665.59453125
60 275.89609375 941.490625
70 264.83671875 1206.32734375
80 245.25546875 1451.5828125
90 297.4046875 1748.9875
100 473.98203125 2222.96953125
110 726.55390625 2949.5234375
120 879.03515625 3828.55859375
130 930.9703125 4759.52890625
140 907.16875 5666.69765625
150 881.265625 6547.96328125
160 861.66015625 7409.6234375
170 805.96328125 8215.58671875
180 764.32109375 8979.9078125
190 657.05390625 9636.96171875
200 568.534375 10205.49609375
210 512.1109375 10717.60703125
220 425.63515625 11143.2421875
230 297.2203125 11440.4625
240 85.92578125 11526.38828125
246 12.6109375 11538.99921875
