0 0.9 2.4871111111111106 3.2247785262262387 11.604 1.18 0 0
10 0.9 1.325333333333333 0.26354759215999934 11.604 1.143 2.4871111111111106 9
20 0.7 1.4061428571428574 0.7641479715663579 11.604 0.925 1.906222222222222 18
30 0.8 1.149 0.08417541208690343 11.604 0.925 1.7662 25
40 2.4 1.148875 0.44033106034929376 11.604 0.848 1.6165757575757576 33
50 2.5 1.1677199999999999 0.28943179092836363 11.604 0.848 1.4196491228070176 57
60 3.1 1.6479354838709677 2.3404354011177944 13.357 0.848 1.3428414634146342 82
70 4.3 1.1207906976744189 0.3345348424958143 13.357 0.848 1.4265398230088497 113
80 3.3 1.2769393939393943 0.9935153363686104 13.357 0.848 1.3422628205128206 156
90 7 1.0625857142857136 0.11000214190864556 13.357 0.823 1.330857142857143 189
100 7.6 1.135092105263158 0.4714868189716325 13.357 0.823 1.2583513513513511 259
110 8.7 1.2554827586206898 0.6394386522041188 13.357 0.823 1.2303880597014925 335
120 2.1 1.1168095238095237 0.19346381944205118 13.357 0.823 1.2355616113744075 422
130 0 0 0 13.357 0.823 1.2299322799097063 443
140 0 0 0 13.357 0.823 1.2299322799097063 443
150 0 0 0 13.357 0.823 1.2299322799097063 443
160 0 0 0 13.357 0.823 1.2299322799097063 443
170 0 0 0 13.357 0.823 1.2299322799097063 443
180 0 0 0 13.357 0.823 1.2299322799097063 443
190 0 0 0 13.357 0.823 1.2299322799097063 443
200 0 0 0 13.357 0.823 1.2299322799097063 443
210 0 0 0 13.357 0.823 1.2299322799097063 443
220 0 0 0 13.357 0.823 1.2299322799097063 443
230 0 0 0 13.357 0.823 1.2299322799097063 443
240 0 0 0 13.357 0.823 1.2299322799097063 443
250 0 0 0 13.357 0.823 1.2299322799097063 443
252 0 0 0 13.357 0.823 1.2299322799097063 443
