0 0.1 2.4178891589917413 0 2.4178891589917413 2.4178891589917413 0 0
10 0.1 2.0 0.0 2.4178891589917413 2.0 2.4178891589917413 1
20 0.1 1.097804391217565 0.0 2.4178891589917413 1.097804391217565 2.2089445794958706 2
30 0.1 0.6030150753768844 0.0 2.4178891589917413 0.6030150753768844 1.8385645167364355 3
40 0.1 1.3 0.0 2.4178891589917413 0.6030150753768844 1.5296771563965477 4
50 0.1 1.407035175879397 0.0 2.4178891589917413 0.6030150753768844 1.483741725117238 5
60 0.1 1.903807615230461 0.0 2.4178891589917413 0.6030150753768844 1.4709573002442644 6
70 0.1 2.3162134944612287 0.0 2.4178891589917413 0.6030150753768844 1.5327930595280068 7
80 0.1 2.6078234704112337 0.0 2.6078234704112337 0.6030150753768844 1.6307206138946595 8
90 0.1 4.191616766467066 0.0 4.191616766467066 0.6030150753768844 1.7392875979520566 9
100 0.1 2.8368794326241136 0.0 4.191616766467066 0.6030150753768844 1.9845205148035574 10
110 0.1 5.342741935483871 0.0 5.342741935483871 0.6030150753768844 2.0620076891508807 11
120 0.1 4.294478527607362 0.0 5.342741935483871 0.6030150753768844 2.3354022096786298 12
130 0.1 5.7026476578411405 0.0 5.7026476578411405 0.6030150753768844 2.48610038798084 13
140 0.1 3.0706243602865912 0.0 5.7026476578411405 0.6030150753768844 2.7158537643994327 14
150 0.1 5.010224948875256 0.0 5.7026476578411405 0.6030150753768844 2.739505137458577 15
160 0.1 3.3776867963152504 0.0 5.7026476578411405 0.6030150753768844 2.881425125672119 16
170 0.1 3.36734693877551 0.0 5.7026476578411405 0.6030150753768844 2.910616988651127 17
180 0.1 3.1568228105906315 0.0 5.7026476578411405 0.6030150753768844 2.935990874769148 18
190 0.1 3.9755351681957185 0.0 5.7026476578411405 0.6030150753768844 2.9476136082334365 19
200 0.1 4.65587044534413 0.0 5.7026476578411405 0.6030150753768844 2.9990096862315507 20
210 0.1 5.817452357071214 0.0 5.817452357071214 0.6030150753768844 3.077907817617864 21
220 0.1 6.438631790744467 0.0 6.438631790744467 0.6030150753768844 3.202432569411198 22
230 0.1 4.012036108324975 0.0 6.438631790744467 0.6030150753768844 3.34313688338221 23
240 0.1 1.7999999999999998 0.0 6.438631790744467 0.6030150753768844 3.371007684421492 24
250 0.1 2.1999999999999997 0.0 6.438631790744467 0.6030150753768844 3.308167377044632 25
252 0.1 2.0 0.0 6.438631790744467 0.6030150753768844 3.265545554850608 26
