0 0.1 3510.41015625 0 3510.41015625 3510.41015625 0 0
10 0.1 3515.5625 0.0 3515.5625 3510.41015625 3510.41015625 1
20 0.1 3512.06640625 0.0 3515.5625 3510.41015625 3512.986328125 2
30 0.1 3509.8984375 0.0 3515.5625 3509.8984375 3512.6796875 3
40 0.1 3504.953125 0.0 3515.5625 3504.953125 3511.984375 4
50 0.1 3497.83984375 0.0 3515.5625 3497.83984375 3510.578125 5
60 0.1 3488.5234375 0.0 3515.5625 3488.5234375 3508.455078125 6
70 0.1 3478.76171875 0.0 3515.5625 3478.76171875 3505.6077008928573 7
80 0.1 3475.703125 0.0 3515.5625 3475.703125 3502.251953125 8
90 0.1 3459.78515625 0.0 3515.5625 3459.78515625 3499.3020833333335 9
100 0.1 3448.80859375 0.0 3515.5625 3448.80859375 3495.350390625 10
110 0.1 3440.453125 0.0 3515.5625 3440.453125 3491.119318181818 11
120 0.1 3434.71484375 0.0 3515.5625 3434.71484375 3486.8971354166665 12
130 0.1 3409.50390625 0.0 3515.5625 3409.50390625 3482.883112980769 13
140 0.1 3405.05859375 0.0 3515.5625 3405.05859375 3477.6417410714284 14
150 0.1 3387.19921875 0.0 3515.5625 3387.19921875 3472.8028645833333 15
160 0.1 3384.734375 0.0 3515.5625 3384.734375 3467.45263671875 16
170 0.1 3383.8984375 0.0 3515.5625 3383.8984375 3462.586856617647 17
180 0.1 3381.2578125 0.0 3515.5625 3381.2578125 3458.215277777778 18
190 0.1 3380.3125 0.0 3515.5625 3380.3125 3454.1648848684213 19
200 0.1 3379.796875 0.0 3515.5625 3379.796875 3450.472265625 20
210 0.1 3378.29296875 0.0 3515.5625 3378.29296875 3447.1067708333335 21
220 0.1 3378.11328125 0.0 3515.5625 3378.11328125 3443.9788707386365 22
230 0.1 3386.2421875 0.0 3515.5625 3378.11328125 3441.1151494565215 23
240 0.1 3392.078125 0.0 3515.5625 3378.11328125 3438.8287760416665 24
250 0.1 3392.16015625 0.0 3515.5625 3378.11328125 3436.95875 25
252 0.1 3390.6640625 0.0 3515.5625 3378.11328125 3435.2357271634614 26
