0 0.1 0.23828125 0 0.23828125 0.23828125 0 0
10 0.1 0.19921875 0.0 0.23828125 0.19921875 0.23828125 1
20 0.1 0.171875 0.0 0.23828125 0.171875 0.21875 2
30 0.1 0.140625 0.0 0.23828125 0.140625 0.203125 3
40 0.1 0.12109375 0.0 0.23828125 0.12109375 0.1875 4
50 0.1 0.1015625 0.0 0.23828125 0.1015625 0.17421875 5
60 0.1 0.08984375 0.0 0.23828125 0.08984375 0.162109375 6
70 0.1 0.0703125 0.0 0.23828125 0.0703125 0.15178571428571427 7
80 0.1 0.05859375 0.0 0.23828125 0.05859375 0.1416015625 8
90 0.1 0.05078125 0.0 0.23828125 0.05078125 0.1323784722222222 9
100 0.1 0.0390625 0.0 0.23828125 0.0390625 0.12421875 10
110 0.1 0.1796875 0.0 0.23828125 0.0390625 0.11647727272727272 11
120 0.1 0.1484375 0.0 0.23828125 0.0390625 0.12174479166666667 12
130 0.1 0.12890625 0.0 0.23828125 0.0390625 0.12379807692307693 13
140 0.1 0.109375 0.0 0.23828125 0.0390625 0.12416294642857142 14
150 0.1 0.08984375 0.0 0.23828125 0.0390625 0.12317708333333334 15
160 0.1 0.078125 0.0 0.23828125 0.0390625 0.12109375 16
170 0.1 0.0703125 0.0 0.23828125 0.0390625 0.11856617647058823 17
180 0.1 0.140625 0.0 0.23828125 0.0390625 0.11588541666666667 18
190 0.1 0.109375 0.0 0.23828125 0.0390625 0.1171875 19
200 0.1 0.1015625 0.0 0.23828125 0.0390625 0.116796875 20
210 0.1 0.078125 0.0 0.23828125 0.0390625 0.11607142857142858 21
220 0.1 0.0703125 0.0 0.23828125 0.0390625 0.11434659090909091 22
230 0.1 0.05859375 0.0 0.23828125 0.0390625 0.11243206521739131 23
240 0.1 0.05078125 0.0 0.23828125 0.0390625 0.11018880208333333 24
250 0.1 0.0390625 0.0 0.23828125 0.0390625 0.1078125 25
252 0.1 0.03125 0.0 0.23828125 0.03125 0.10516826923076923 26
