0 3.4 47.726147058823535 59.34579995700789 202.11 7.883 0 0
10 8.9 56.80082022471911 101.47843995354818 509.98 6.892 47.726147058823535 34
20 13 54.85659230769229 56.8557692444658 509.98 6.698 54.29237398373985 123
30 17.7 46.02808474576271 48.54136151532195 509.98 6.698 54.5822885375494 253
40 27 146.21571851851857 156.16056883914456 680.758 6.355 51.06113953488372 430
50 32.4 351.68391358024695 349.1348437558982 1553.805 6.355 87.76362000000002 700
60 46.9 365.4838784648192 237.4337599356802 1553.805 6.355 171.26965039062503 1024
70 36.2 1391.0290580110484 663.2207333196585 3552.688 6.355 232.27867448091106 1493
80 39.5 2382.704392405062 756.4878624627593 5317.531 6.355 458.40678167115885 1855
90 48.3 2469.4655900621115 1205.7983717415875 6581.744 0.57 796.2279177777774 2250
100 86.1 1760.0382020905943 1889.9736002910877 7865.428 0.528 1091.9373197950968 2733
110 118 1403.8216203389807 2272.594551090761 9731.383 0.523 1251.9915378408461 3594
120 136.8 1252.087357456137 1783.1953573581495 9731.383 0.523 1289.5197107247589 4774
130 142.8 1159.8733858543417 1472.7743296874482 9731.383 0.523 1281.1824493650267 6142
140 128.7 1274.831359751359 1129.0490404548916 9731.383 0.523 1258.298784544253 7570
150 130.6 1211.8172166921902 1036.2939053795144 9731.383 0.52 1260.7011131308564 8857
160 114.2 1411.95324168126 1040.6005441162297 9731.383 0.52 1254.419270294204 10163
170 111.1 1419.7613060306028 952.7613923493525 9731.383 0.52 1270.3329187085353 11305
180 106.4 1486.5295000000003 877.8687108809622 9731.383 0.52 1283.7039672197159 12416
190 95.1 1635.1255678233454 754.4738504124292 9731.383 0.52 1299.71334161721 13480
200 87.7 1488.7740319270251 507.2823548152827 9731.383 0.52 1321.816939921003 14431
210 89 704.1757382022481 437.8505860321416 9731.383 0.52 1331.3819627645673 15308
220 45.5 46.549446153846176 56.01974498116534 9731.383 0.52 1296.9200822941102 16198
230 13.3 28.31443609022558 43.79874426399757 9731.383 0.52 1262.7569501591304 16653
240 3.7 26.519702702702705 16.11971644319191 9731.383 0.52 1252.9761295722624 16786
250 1 24.3457 14.51933438591453 9731.383 0.52 1250.2786982107825 16823
252 0.1 21.752 0.0 9731.383 0.52 1249.5504067605295 16833
