10 0.1 409 0 409 409 0 0
20 0.1 419.0 0.0 419 409 409.0 1
30 0.1 867.0 0.0 867 409 414.0 2
40 0.1 1304.0 0.0 1304 409 565.0 3
50 0.1 1922.0 0.0 1922 409 749.75 4
60 0.1 1880.0 0.0 1922 409 984.2 5
70 0.1 3340.0 0.0 3340 409 1133.5 6
80 0.1 2790.0 0.0 3340 409 1448.7142857142858 7
90 0.1 2845.0 0.0 3340 409 1616.375 8
100 0.1 2834.0 0.0 3340 409 1752.888888888889 9
110 0.1 4038.0 0.0 4038 409 1861.0 10
120 0.1 3667.0 0.0 4038 409 2058.909090909091 11
130 0.1 4.2e3 0.0 4200 409 2192.9166666666665 12
140 0.1 6488.0 0.0 6488 409 2347.3076923076924 13
150 0.1 6575.0 0.0 6575 409 2643.0714285714284 14
160 0.1 6764.0 0.0 6764 409 2905.2 15
170 0.1 7.1e3 0.0 7100 409 3146.375 16
180 0.1 5674.0 0.0 7100 409 3378.9411764705883 17
190 0.1 7029.0 0.0 7100 409 3506.4444444444443 18
200 0.1 6983.0 0.0 7100 409 3691.842105263158 19
210 0.1 7451.0 0.0 7451 409 3856.4 20
220 0.1 8086.0 0.0 8086 409 4027.5714285714284 21
230 0.1 4093.0 0.0 8086 409 4212.045454545455 22
240 0.1 1316.0 0.0 8086 409 4206.869565217392 23
250 0.1 567.0 0.0 8086 409 4086.4166666666674 24
252 0.1 384.0 0.0 8086 384 3945.640000000001 25
