0 3.4 47.726147058823535 59.34579995700789 202.11 7.883 0 0
10 9.3 54.35544086021506 99.71779641217644 509.98 6.892 47.726147058823535 34
20 13.9 51.30092086330932 55.39308671537493 509.98 6.698 52.58066929133859 127
30 19.4 41.98984536082471 45.577239919245876 509.98 6.698 51.91192857142856 266
40 28.5 138.5176526315789 152.63997104314208 680.758 6.355 47.72739782608693 460
50 34.5 332.2483420289857 337.6701241883715 1274.044 6.355 82.45924026845634 745
60 50.6 337.40893478260904 204.14426491840715 1274.044 6.355 161.52092844036702 1090
70 39.1 1319.4341278772392 510.0592265190696 2250.977 6.355 217.28492042606533 1596
80 41.8 2264.570672248803 538.3271803631707 3296.967 6.355 434.16480976346287 1987
90 50.9 2337.9429783889977 1019.0414102498162 3855.46 0.517 752.2977205821207 2405
100 92.2 1689.7758015184384 1754.4987623406053 5250.755 0.506 1029.268700754976 2914
110 125.4 1289.9285247208902 2049.0520889966233 5462.609 0.501 1188.0245784671533 3836
120 146.8 1172.7709550408713 1669.531152709956 5462.609 0.497 1213.1301872298618 5090
130 161.8 1029.0697632880099 1278.483113536919 5462.609 0.497 1204.0958241842018 6558
140 143.2 1131.8699839385486 938.2896956786685 5462.609 0.497 1169.4588175146766 8176
150 146.2 1088.546538303693 890.6626139483416 5462.609 0.497 1163.8564851165693 9608
160 128.7 1248.7502890442868 867.8150981766552 5462.609 0.497 1153.9104018066844 11070
170 123.3 1280.2660746147612 787.8603081869277 5462.609 0.497 1163.7881176660997 12357
180 118.4 1338.8478006756777 723.2054108166936 5462.609 0.497 1174.3559852832961 13590
190 107.3 1450.046977632804 507.8950793525369 5462.609 0.495 1187.538488967104 14774
200 98.9 1304.9797896865527 220.72632532679765 5462.609 0.495 1205.31293260554 15847
210 101.6 606.7642273622056 321.93875384934546 5462.609 0.495 1211.1676796745069 16836
220 53.9 38.80154730983303 44.67216252603402 5462.609 0.495 1176.7696342146537 17852
230 15.6 24.132839743589745 40.04861041036556 5462.609 0.495 1143.4182776358 18391
240 4.6 21.32008695652174 11.454113432046048 5462.609 0.495 1134.0038964252979 18547
250 1.2 20.276500000000002 8.773343352641188 5462.609 0.495 1131.251061743667 18593
252 0.1 21.752 0.0 5462.609 0.495 1130.534496586939 18605
