10 0.1 380 0 380 380 0 0
20 0.1 353.0 0.0 380 353 380.0 1
30 0.1 631.0 0.0 631 353 366.5 2
40 0.1 951.0 0.0 951 353 454.6666666666667 3
50 0.1 1380.0 0.0 1380 353 578.75 4
60 0.1 1342.0 0.0 1380 353 739.0 5
70 0.1 2225.0 0.0 2225 353 839.5 6
80 0.1 1885.0 0.0 2225 353 1037.4285714285713 7
90 0.1 1975.0 0.0 2225 353 1143.375 8
100 0.1 2198.0 0.0 2225 353 1235.7777777777778 9
110 0.1 3290.0 0.0 3290 353 1332.0 10
120 0.1 3662.0 0.0 3662 353 1510.0 11
130 0.1 3984.0 0.0 3984 353 1689.3333333333333 12
140 0.1 5011.0 0.0 5011 353 1865.8461538461538 13
150 0.1 4692.0 0.0 5011 353 2090.5 14
160 0.1 4755.0 0.0 5011 353 2263.9333333333334 15
170 0.1 4732.0 0.0 5011 353 2419.625 16
180 0.1 3939.0 0.0 5011 353 2555.6470588235293 17
190 0.1 4492.0 0.0 5011 353 2632.5 18
200 0.1 4243.0 0.0 5011 353 2730.3684210526317 19
210 0.1 4493.0 0.0 5011 353 2806.0 20
220 0.1 4569.0 0.0 5011 353 2886.3333333333335 21
230 0.1 2357.0 0.0 5011 353 2962.818181818182 22
240 0.1 791.0 0.0 5011 353 2936.478260869565 23
250 0.1 363.0 0.0 5011 353 2847.0833333333335 24
252 0.1 258.0 0.0 5011 258 2747.72 25
