50 0.1 45813.034 0 45813.034 45813.034 0 0
60 0.1 60503.528 0.0 60503.528 45813.034 45813.034 1
70 0 0 0 60503.528 45813.034 53158.281 2
80 0.2 79847.5935 348.28250000000116 80195.876 45813.034 53158.281 2
90 0.3 82987.53600000001 6716.385935297252 89836.77 45813.034 66502.93725 4
100 0.8 90365.49949999998 4594.233764568039 95809.498 45813.034 73567.76528571428 7
110 0.4 100736.51725 4580.845868381373 107679.305 45813.034 82526.55686666664 15
120 0.4 105200.38275 6769.915138096058 114479.125 45813.034 86360.2327368421 19
130 0.2 94684.014 4013.3189999999995 114479.125 45813.034 89636.78056521738 23
140 0.8 103332.81175 7877.70421588599 114479.125 45813.034 90040.55923999999 25
150 1.5 109818.81913333334 9584.39824252158 130167.674 45813.034 93262.92348484848 33
160 1.8 115980.60066666667 9722.203771712988 131448.455 45813.034 98436.640875 48
170 1.4 119051.44914285713 12233.69044027607 141547.529 45813.034 103221.35718181818 66
180 2.3 116708.4373478261 13007.395323196963 141547.529 45813.034 105991.62327499999 80
190 3.9 120570.13248717945 14126.583835589137 153928.943 45813.034 108384.69826213592 103
200 5.1 115149.6376078431 15326.208696720612 153928.943 45813.034 111731.40202816902 142
210 10.3 116172.49819417474 13463.892905191089 153928.943 45813.034 112634.6663523316 193
220 9.3 117230.25967741932 10981.979653541668 153928.943 45813.034 113865.7362162162 296
230 4.2 123355.36757142858 10164.921335417022 154760.139 45813.034 114670.10814910024 389
240 0.8 127593.973125 3407.4023949093694 154760.139 45813.034 115516.46753596286 431
250 0.4 143575.4365 8785.059581548612 154760.139 45813.034 115736.5587539863 439
252 0 0 0 154760.139 45813.034 115987.92559593677 443
