0 18.196875 18.196875
10 59.1375 77.334375
20 95.37109375 172.70546875
30 132.83125 305.53671875
40 187.015625 492.55234375
50 241.8453125 734.39765625
60 341.2828125 1075.68046875
70 289.42734375 1365.1078125
80 292.9859375 1658.09375
90 352.440625 2010.534375
100 554.8921875 2565.4265625
110 728.62421875 3294.05078125
120 926.91953125 4220.9703125
130 1052.453125 5273.4234375
140 966.6203125 6240.04375
150 1010.01171875 7250.05546875
160 890.6890625 8140.74453125
170 860.2203125 9000.96484375
180 846.3671875 9847.33203125
190 743.84765625 10591.1796875
200 657.4140625 11248.59375
210 650.8515625 11899.4453125
220 362.64765625 12262.09296875
230 103.809375 12365.90234375
240 30.51875 12396.42109375
250 8.484375 12404.90546875
252 0.55 12405.45546875
