0 42.04453125 42.04453125
10 289.92734375 331.971875
20 573.30234375 905.27421875
30 1027.58515625 1932.859375
40 1048.6625 2981.521875
50 1395.33984375 4376.86171875
60 2513.68359375 6890.5453125
70 1935.0609375 8825.60625
80 1696.50625 10522.1125
90 1562.8203125 12084.9328125
100 2696.80625 14781.7390625
110 1712.26875 16494.0078125
120 1915.30859375 18409.31640625
130 4411.42890625 22820.7453125
140 4528.46484375 27349.21015625
150 4561.6421875 31910.85234375
160 5381.95390625 37292.80625
170 3971.48359375 41264.28984375
180 5085.51953125 46349.809375
190 5603.68046875 51953.48984375
200 6034.0921875 57987.58203125
210 7016.87734375 65004.459375
220 4332.35546875 69336.81484375
230 1045.31015625 70382.125
240 506.8953125 70889.0203125
250 134.91796875 71023.93828125
252 0.1109375 71024.04921875
