0 0.7 2.435857142857143 2.5489010757339234 8.638 0.972 0 0
10 1.3 1.188076923076923 0.19751902013125083 8.638 0.972 2.435857142857143 7
20 0.8 1.14675 0.07137007426085533 8.638 0.972 1.6248 20
30 1.1 1.2639090909090909 0.15615461716776072 8.638 0.972 1.4882142857142857 28
40 1.3 1.2904615384615385 0.11429827065426763 8.638 0.972 1.424948717948718 39
50 2.2 1.144 0.07373724851241614 8.638 0.972 1.3913269230769232 52
60 2.8 1.8375000000000001 1.9234395066427965 10.408 0.82 1.3177972972972973 74
70 3.7 1.237891891891892 0.274301745842232 10.408 0.82 1.4604607843137254 102
80 4.5 1.1685111111111115 0.2643574702912052 10.408 0.807 1.4012158273381294 139
90 6.2 1.226758064516129 0.5492923507828161 10.408 0.807 1.3443043478260872 184
100 7.8 1.2271666666666659 0.5370195149170179 10.408 0.764 1.314678861788618 246
110 7.2 1.2858333333333347 1.0105216887001156 10.408 0.764 1.293611111111111 324
120 12.8 1.5869218750000003 2.2682398104359445 24.29 0.764 1.29219696969697 396
130 16.5 1.36770303030303 1.0506356184320476 24.29 0.75 1.3641908396946567 524
140 14.2 1.4391549295774648 1.013228046684642 24.29 0.75 1.3650319303338172 689
150 55 1.9268454545454547 3.8994796846068005 48.067 0.655 1.3776979542719616 831
160 195.6 1.5509427402862983 1.593042134125023 48.067 0.557 1.5964026068066621 1381
170 322.9 1.7573456178383435 1.7927353942949973 48.067 0.557 1.5697560683248426 3337
180 301 1.6427664451827233 1.8698121261186604 48.067 0.539 1.6620080718854722 6566
190 258.5 2.138098259187612 2.3954804173283364 48.067 0.506 1.655959899749374 9576
200 168.6 1.7915349940688032 1.548500654583383 48.067 0.506 1.7584455225721556 12161
210 100 1.5065369999999998 1.5716026560905898 48.067 0.491 1.7624744710045488 13847
220 23 1.4111173913043475 1.0577495755045954 48.067 0.491 1.745236141981544 14847
230 0.3 1.3926666666666667 0.21819614010232988 48.067 0.491 1.7401391523512626 15077
240 0 0 0 48.067 0.491 1.740070026525198 15080
250 0 0 0 48.067 0.491 1.740070026525198 15080
260 0 0 0 48.067 0.491 1.740070026525198 15080
270 0 0 0 48.067 0.491 1.740070026525198 15080
280 0 0 0 48.067 0.491 1.740070026525198 15080
287 0 0 0 48.067 0.491 1.740070026525198 15080
