0 0.1 0.8371641272136287 0 0.8371641272136287 0.8371641272136287 0 0
10 0.1 2.797202797202797 0.0 2.797202797202797 0.8371641272136287 0.8371641272136287 1
20 0.1 2.4 0.0 2.797202797202797 0.8371641272136287 1.8171834622082128 2
30 0.1 0.8999999999999999 0.0 2.797202797202797 0.8371641272136287 2.011455641472142 3
40 0.1 1.3026052104208417 0.0 2.797202797202797 0.8371641272136287 1.7335917311041062 4
50 0.1 3.003003003003003 0.0 3.003003003003003 0.8371641272136287 1.6473944269674532 5
60 0.1 2.2022022022022023 0.0 3.003003003003003 0.8371641272136287 1.8733291896400448 6
70 0.1 2.0 0.0 3.003003003003003 0.8371641272136287 1.9203110485774957 7
80 0.1 2.50501002004008 0.0 3.003003003003003 0.8371641272136287 1.9302721675053087 8
90 0.1 4.116465863453815 0.0 4.116465863453815 0.8371641272136287 1.9941319288980612 9
100 0.1 2.8000000000000003 0.0 4.116465863453815 0.8371641272136287 2.2063653223536366 10
110 0.1 5.089820359281437 0.0 5.089820359281437 0.8371641272136287 2.260332111230579 11
120 0.1 7.381889763779527 0.0 7.381889763779527 0.8371641272136287 2.4961227985681504 12
130 0.1 9.632571996027806 0.0 9.632571996027806 0.8371641272136287 2.8719510266613333 13
140 0.1 14.879227053140095 0.0 14.879227053140095 0.8371641272136287 3.354852524473224 14
150 0.1 17.08984375 0.0 17.08984375 0.8371641272136287 4.1231441597176826 15
160 0.1 21.58760890609874 0.0 21.58760890609874 0.8371641272136287 4.933562884110327 16
170 0.1 31.92534381139489 0.0 31.92534381139489 0.8371641272136287 5.913212650109646 17
180 0.1 36.46944713870029 0.0 36.46944713870029 0.8371641272136287 7.358331047958826 18
190 0.1 31.020812685827554 0.0 36.46944713870029 0.8371641272136287 8.890495052734693 19
200 0.1 28.908554572271388 0.0 36.46944713870029 0.8371641272136287 9.997010934389335 20
210 0.1 24.612403100775193 0.0 36.46944713870029 0.8371641272136287 10.897560631431338 21
220 0.1 19.545903257650544 0.0 36.46944713870029 0.8371641272136287 11.52096256185606 22
230 0.1 16.26746506986028 0.0 36.46944713870029 0.8371641272136287 11.869873026890602 23
240 0.1 13.20754716981132 0.0 36.46944713870029 0.8371641272136287 12.053106028681006 24
250 0.1 10.515873015873016 0.0 36.46944713870029 0.8371641272136287 12.099283674326218 25
260 0.1 8.983218163869694 0.0 36.46944713870029 0.8371641272136287 12.038383264385711 26
270 0.1 4.208416833667335 0.0 36.46944713870029 0.8371641272136287 11.925229001403636 27
280 0.1 1.3052208835341366 0.0 36.46944713870029 0.8371641272136287 11.649628566841626 28
287 0.1 2.4950099800399204 0.0 36.46944713870029 0.8371641272136287 11.292924853624127 29
