0 0.1 3.1804651310867382 0 3.1804651310867382 3.1804651310867382 0 0
10 0.1 1.0999999999999999 0.0 3.1804651310867382 1.0999999999999999 3.1804651310867382 1
20 0.1 1.5 0.0 3.1804651310867382 1.0999999999999999 2.140232565543369 2
30 0.1 4.195804195804196 0.0 4.195804195804196 1.0999999999999999 1.926821710362246 3
40 0.1 1.4084507042253522 0.0 4.195804195804196 1.0999999999999999 2.4940673317227335 4
50 0.1 1.0070493454179255 0.0 4.195804195804196 1.0070493454179255 2.2769440062232573 5
60 0.1 1.2108980827447022 0.0 4.195804195804196 1.0070493454179255 2.065294896089035 6
70 0.1 1.513622603430878 0.0 4.195804195804196 1.0070493454179255 1.943238208468416 7
80 0.1 1.9153225806451613 0.0 4.195804195804196 1.0070493454179255 1.8895362578387238 8
90 0.1 3.819095477386935 0.0 4.195804195804196 1.0070493454179255 1.8924014048172166 9
100 0.1 2.5176233635448138 0.0 4.195804195804196 1.0070493454179255 2.0850708120741883 10
110 0.1 7.852882703777336 0.0 7.852882703777336 1.0070493454179255 2.124393771298791 11
120 0.1 8.635917566241414 0.0 8.635917566241414 1.0070493454179255 2.6017678490053364 12
130 0.1 7.941176470588235 0.0 8.635917566241414 1.0070493454179255 3.0659332118696505 13
140 0.1 7.964601769911504 0.0 8.635917566241414 1.0070493454179255 3.414164873206692 14
150 0.1 6.132542037586548 0.0 8.635917566241414 1.0070493454179255 3.7175273329870127 15
160 0.1 5.357142857142857 0.0 8.635917566241414 1.0070493454179255 3.8684657520244836 16
170 0.1 6.021717670286279 0.0 8.635917566241414 1.0070493454179255 3.9560349935020347 17
180 0.1 5.450941526263628 0.0 8.635917566241414 1.0070493454179255 4.070795142212271 18
190 0.1 4.1206030150753765 0.0 8.635917566241414 1.0070493454179255 4.143434425583395 19
200 0.1 6.679960119641076 0.0 8.635917566241414 1.0070493454179255 4.142292855057994 20
210 0.1 4.426559356136821 0.0 8.635917566241414 1.0070493454179255 4.263134153371475 21
220 0.1 4.317269076305221 0.0 8.635917566241414 1.0070493454179255 4.27056257167899 22
230 0.1 6.633165829145729 0.0 8.635917566241414 1.0070493454179255 4.272593289271435 23
240 0.1 3.2 0.0 8.635917566241414 1.0070493454179255 4.370950478432864 24
250 0.1 2.8000000000000003 0.0 8.635917566241414 1.0070493454179255 4.3241124592955495 25
