0 0.1 3513.85546875 0 3513.85546875 3513.85546875 0 0
10 0.1 3516.19921875 0.0 3516.19921875 3513.85546875 3513.85546875 1
20 0.1 3513.70703125 0.0 3516.19921875 3513.70703125 3515.02734375 2
30 0.1 3508.3203125 0.0 3516.19921875 3508.3203125 3514.5872395833335 3
40 0.1 3502.046875 0.0 3516.19921875 3502.046875 3513.0205078125 4
50 0.1 3496.359375 0.0 3516.19921875 3496.359375 3510.82578125 5
60 0.1 3487.65625 0.0 3516.19921875 3487.65625 3508.4147135416665 6
70 0.1 3485.98828125 0.0 3516.19921875 3485.98828125 3505.44921875 7
80 0.1 3476.640625 0.0 3516.19921875 3476.640625 3503.0166015625 8
90 0.1 3460.6015625 0.0 3516.19921875 3460.6015625 3500.0859375 9
100 0.1 3447.1015625 0.0 3516.19921875 3447.1015625 3496.1375 10
110 0.1 3439.390625 0.0 3516.19921875 3439.390625 3491.6796875 11
120 0.1 3424.37890625 0.0 3516.19921875 3424.37890625 3487.322265625 12
130 0.1 3407.1484375 0.0 3516.19921875 3407.1484375 3482.48046875 13
140 0.1 3402.91015625 0.0 3516.19921875 3402.91015625 3477.099609375 14
150 0.1 3401.1171875 0.0 3516.19921875 3401.1171875 3472.1536458333335 15
160 0.1 3399.5703125 0.0 3516.19921875 3399.5703125 3467.7138671875 16
170 0.1 3397.765625 0.0 3516.19921875 3397.765625 3463.7054227941176 17
180 0.1 3396.8125 0.0 3516.19921875 3396.8125 3460.0421006944443 18
190 0.1 3396.34765625 0.0 3516.19921875 3396.34765625 3456.714226973684 19
200 0.1 3395.171875 0.0 3516.19921875 3395.171875 3453.6958984375 20
210 0.1 3394.9765625 0.0 3516.19921875 3394.9765625 3450.9090401785716 21
220 0.1 3394.95703125 0.0 3516.19921875 3394.95703125 3448.3666548295455 22
230 0.1 3397.17578125 0.0 3516.19921875 3394.95703125 3446.0444972826085 23
240 0.1 3405.53125 0.0 3516.19921875 3394.95703125 3444.00830078125 24
250 0.1 3423.390625 0.0 3516.19921875 3394.95703125 3442.46921875 25
