0 0.1 3513.30078125 0 3513.30078125 3513.30078125 0 0
10 0.1 3514.4453125 0.0 3514.4453125 3513.30078125 3513.30078125 1
20 0.1 3511.28125 0.0 3514.4453125 3511.28125 3513.873046875 2
30 0.1 3505.97265625 0.0 3514.4453125 3505.97265625 3513.0091145833335 3
40 0.1 3502.62109375 0.0 3514.4453125 3502.62109375 3511.25 4
50 0.1 3.5e3 0.0 3514.4453125 3.5e3 3509.52421875 5
60 0.1 3489.75390625 0.0 3514.4453125 3489.75390625 3507.9368489583335 6
70 0.1 3483.9609375 0.0 3514.4453125 3483.9609375 3505.339285714286 7
80 0.1 3464.390625 0.0 3514.4453125 3464.390625 3502.6669921875 8
90 0.1 3459.1640625 0.0 3514.4453125 3459.1640625 3498.4140625 9
100 0.1 3456.15234375 0.0 3514.4453125 3456.15234375 3494.4890625 10
110 0.1 3440.36328125 0.0 3514.4453125 3440.36328125 3491.00390625 11
120 0.1 3424.4765625 0.0 3514.4453125 3424.4765625 3486.7838541666665 12
130 0.1 3406.140625 0.0 3514.4453125 3406.140625 3481.990985576923 13
140 0.1 3386.96484375 0.0 3514.4453125 3386.96484375 3476.5731026785716 14
150 0.1 3354.26171875 0.0 3514.4453125 3354.26171875 3470.59921875 15
160 0.1 3320.90234375 0.0 3514.4453125 3320.90234375 3463.328125 16
170 0.1 3298.2109375 0.0 3514.4453125 3298.2109375 3454.950137867647 17
180 0.1 3275.8359375 0.0 3514.4453125 3275.8359375 3446.2424045138887 18
190 0.1 3227.4609375 0.0 3514.4453125 3227.4609375 3437.2736430921054 19
200 0.1 3221.23828125 0.0 3514.4453125 3221.23828125 3426.7830078125 20
210 0.1 3217.5546875 0.0 3514.4453125 3217.5546875 3416.995163690476 21
220 0.1 3215.94921875 0.0 3514.4453125 3215.94921875 3407.9296875 22
230 0.1 3213.55859375 0.0 3514.4453125 3213.55859375 3399.582710597826 23
240 0.1 3213.421875 0.0 3514.4453125 3213.421875 3391.8317057291665 24
250 0.1 3212.09375 0.0 3514.4453125 3212.09375 3384.6953125 25
260 0.1 3212.21484375 0.0 3514.4453125 3212.09375 3378.0567908653848 26
270 0.1 3297.7890625 0.0 3514.4453125 3212.09375 3371.914496527778 27
280 0.1 3327.12890625 0.0 3514.4453125 3212.09375 3369.267159598214 28
287 0.1 3360.15625 0.0 3514.4453125 3212.09375 3367.8141163793102 29
