0 0.1 0.0 0 0.0 0.0 0 0
10 0.1 0.0 0.0 0.0 0.0 0.0 1
20 0.1 0.0 0.0 0.0 0.0 0.0 2
30 0.1 0.0 0.0 0.0 0.0 0.0 3
40 0.1 0.0 0.0 0.0 0.0 0.0 4
50 0.1 0.0 0.0 0.0 0.0 0.0 5
60 0.1 0.0 0.0 0.0 0.0 0.0 6
70 0.1 0.0 0.0 0.0 0.0 0.0 7
80 0.1 0.0 0.0 0.0 0.0 0.0 8
90 0.1 0.0 0.0 0.0 0.0 0.0 9
100 0.1 0.0 0.0 0.0 0.0 0.0 10
110 0.1 0.1484375 0.0 0.1484375 0.0 0.0 11
120 0.1 0.12109375 0.0 0.1484375 0.0 0.012369791666666666 12
130 0.1 0.1015625 0.0 0.1484375 0.0 0.020733173076923076 13
140 0.1 0.08984375 0.0 0.1484375 0.0 0.026506696428571428 14
150 0.1 0.0703125 0.0 0.1484375 0.0 0.030729166666666665 15
160 0.1 0.05859375 0.0 0.1484375 0.0 0.033203125 16
170 0.1 0.12890625 0.0 0.1484375 0.0 0.03469669117647059 17
180 0.1 0.109375 0.0 0.1484375 0.0 0.03993055555555555 18
190 0.1 0.08984375 0.0 0.1484375 0.0 0.04358552631578947 19
200 0.1 0.078125 0.0 0.1484375 0.0 0.04589843749999999 20
210 0.1 0.0703125 0.0 0.1484375 0.0 0.04743303571428571 21
220 0.1 0.05859375 0.0 0.1484375 0.0 0.04847301136363636 22
230 0.1 0.05078125 0.0 0.1484375 0.0 0.04891304347826087 23
240 0.1 0.0390625 0.0 0.1484375 0.0 0.048990885416666664 24
250 0.1 0.03125 0.0 0.1484375 0.0 0.04859375 25
