0 0.1 0.0 0 0.0 0.0 0 0
10 0.1 0.0 0.0 0.0 0.0 0.0 1
20 0.1 0.0 0.0 0.0 0.0 0.0 2
30 0.1 0.0 0.0 0.0 0.0 0.0 3
40 0.1 0.0 0.0 0.0 0.0 0.0 4
50 0.1 0.0 0.0 0.0 0.0 0.0 5
60 0.1 0.0 0.0 0.0 0.0 0.0 6
70 0.1 0.0 0.0 0.0 0.0 0.0 7
80 0.1 0.0 0.0 0.0 0.0 0.0 8
90 0.1 0.0 0.0 0.0 0.0 0.0 9
100 0.1 0.0 0.0 0.0 0.0 0.0 10
110 0.1 0.0703125 0.0 0.0703125 0.0 0.0 11
120 0.1 0.05859375 0.0 0.0703125 0.0 0.005859375 12
130 0.1 0.05078125 0.0 0.0703125 0.0 0.009915865384615384 13
140 0.1 0.19921875 0.0 0.19921875 0.0 0.012834821428571428 14
150 0.1 0.171875 0.0 0.19921875 0.0 0.025260416666666667 15
160 0.1 0.140625 0.0 0.19921875 0.0 0.034423828125 16
170 0.1 0.19921875 0.0 0.19921875 0.0 0.04067095588235294 17
180 0.1 0.171875 0.0 0.19921875 0.0 0.049479166666666664 18
190 0.1 0.140625 0.0 0.19921875 0.0 0.05592105263157895 19
200 0.1 0.28125 0.0 0.28125 0.0 0.06015625 20
210 0.1 0.23828125 0.0 0.28125 0.0 0.07068452380952381 21
220 0.1 0.19921875 0.0 0.28125 0.0 0.07830255681818182 22
230 0.1 0.171875 0.0 0.28125 0.0 0.08355978260869565 23
240 0.1 0.140625 0.0 0.28125 0.0 0.08723958333333333 24
250 0.1 0.12109375 0.0 0.28125 0.0 0.089375 25
260 0.1 0.1015625 0.0 0.28125 0.0 0.09059495192307693 26
270 0.1 0.078125 0.0 0.28125 0.0 0.09100115740740741 27
280 0.1 0.0703125 0.0 0.28125 0.0 0.09054129464285714 28
287 0.1 0.05859375 0.0 0.28125 0.0 0.08984375 29
