0 1.8 42.181000000000004 67.04023316718933 224.729 6.481 0 0
10 8.7 76.98724137931033 123.76273056979296 498.613 6.481 42.181000000000004 18
20 12.1 60.30241322314045 82.51537255813463 498.613 6.481 71.02045714285714 105
30 17 95.84168235294118 111.52781693758654 596.454 6.481 65.28203539823006 226
40 21.7 111.31347465437786 140.41554247656018 667.636 6.481 78.40107575757574 396
50 28.4 257.3234436619718 253.56366959182782 1146.66 6.481 90.05195758564436 613
60 35.5 508.3967971830989 339.8647478099725 1608.49 6.481 143.0119375696767 897
70 30.7 1543.5434299674262 790.1346492546278 4566.035 6.481 246.61547204472853 1252
80 33 2541.135709090907 794.4858828392911 5777.349 6.481 502.00795638229624 1559
90 39 3112.9367794871814 1348.696717151764 7875.854 0.473 858.2346151402854 1889
100 69.7 2056.48545050215 2593.0439381631654 11020.041 0.464 1244.0765827117154 2279
110 105 1638.9418723809508 2382.658456828607 11281.144 0.453 1434.3484176747304 2976
120 156.2 1057.308669014083 2059.1907071590404 11281.144 0.431 1487.707366368603 4026
130 239 681.5246682008379 1597.890377417711 11281.144 0.431 1367.3990690765916 5588
140 310.8 546.7957303732335 1423.4587751737743 11281.144 0.422 1161.9290492604657 7978
150 414.8 399.7199216489882 1117.2916346183804 11281.144 0.422 989.4742093631613 11086
160 577.3 259.49554010046785 955.9852242778564 11281.144 0.422 828.892564001576 15234
170 694.2 247.40161437626114 896.3716285795317 11281.144 0.421 672.4147699814353 21007
180 673.6 259.9657508907368 746.0442242318734 11281.144 0.421 566.8495860317012 27949
190 637.8 262.5115352775173 609.6168190519717 11281.144 0.421 507.2512145884393 34685
200 517.5 299.23612425120734 617.1764335375834 11281.144 0.421 469.23768234176805 41063
210 473.2 332.25147738799626 627.1220280156067 11281.144 0.421 450.21094971668373 46238
220 375.2 443.3500711620461 655.9632677692789 11281.144 0.421 439.2597191288997 50970
230 270.5 592.9163471349349 731.4179088334113 11281.144 0.421 439.5401730748148 54722
240 169.6 897.9791367924538 621.184654393474 11281.144 0.421 446.7646937851536 57427
250 116.7 939.5223230505578 547.6472049492578 11281.144 0.421 459.70821314885944 59123
260 61.5 91.09095609756086 157.28141965948728 11281.144 0.421 468.99570802786565 60290
270 16.4 16.56859756097561 27.776657066048678 11281.144 0.421 465.1797418110175 60905
280 3.1 17.04948387096774 25.209903371327616 11281.144 0.421 463.97500245623837 61069
287 0.4 9.81425 4.8438719726578245 11281.144 0.421 463.74824810147334 61100
