10 0.1 220 0 220 220 0 0
20 0.1 573.0 0.0 573 220 220.0 1
30 0.1 1446.0 0.0 1446 220 396.5 2
40 0.1 1663.0 0.0 1663 220 746.3333333333334 3
50 0.1 1669.0 0.0 1669 220 975.5 4
60 0.1 2495.0 0.0 2495 220 1114.2 5
70 0.1 2337.0 0.0 2495 220 1344.3333333333333 6
80 0.1 2194.0 0.0 2495 220 1486.142857142857 7
90 0.1 2452.0 0.0 2495 220 1574.625 8
100 0.1 2113.0 0.0 2495 220 1672.111111111111 9
110 0.1 3830.0 0.0 3830 220 1716.2 10
120 0.1 3317.0 0.0 3830 220 1908.3636363636363 11
130 0.1 4354.0 0.0 4354 220 2025.75 12
140 0.1 5516.0 0.0 5516 220 2204.846153846154 13
150 0.1 5354.0 0.0 5516 220 2441.3571428571427 14
160 0.1 5395.0 0.0 5516 220 2635.5333333333333 15
170 0.1 5345.0 0.0 5516 220 2808.0 16
180 0.1 5141.0 0.0 5516 220 2957.235294117647 17
190 0.1 4791.0 0.0 5516 220 3078.5555555555557 18
200 0.1 5433.0 0.0 5516 220 3168.684210526316 19
210 0.1 4862.0 0.0 5516 220 3281.9 20
220 0.1 5083.0 0.0 5516 220 3357.1428571428573 21
230 0.1 5132.0 0.0 5516 220 3435.590909090909 22
240 0.1 1955.0 0.0 5516 220 3509.3478260869565 23
250 0.1 1171.0 0.0 5516 220 3444.5833333333335 24
