10 0.1 513 0 513 513 0 0
20 0.1 612.0 0.0 612 513 513.0 1
30 0.1 676.0 0.0 676 513 562.5 2
40 0.1 1276.0 0.0 1276 513 600.3333333333334 3
50 0.1 1627.0 0.0 1627 513 769.25 4
60 0.1 1939.0 0.0 1939 513 940.8 5
70 0.1 2129.0 0.0 2129 513 1107.1666666666667 6
80 0.1 2198.0 0.0 2198 513 1253.142857142857 7
90 0.1 2531.0 0.0 2531 513 1371.25 8
100 0.1 2327.0 0.0 2531 513 1500.111111111111 9
110 0.1 2502.0 0.0 2531 513 1582.8 10
120 0.1 3123.0 0.0 3123 513 1666.3636363636363 11
130 0.1 4480.0 0.0 4480 513 1787.75 12
140 0.1 5877.0 0.0 5877 513 1994.8461538461538 13
150 0.1 7244.0 0.0 7244 513 2272.1428571428573 14
160 0.1 10734.0 0.0 10734 513 2603.6 15
170 0.1 18838.0 0.0 18838 513 3111.75 16
180 0.1 25141.0 0.0 25141 513 4036.823529411765 17
190 0.1 26286.0 0.0 26286 513 5209.277777777777 18
200 0.1 24214.0 0.0 26286 513 6318.578947368421 19
210 0.1 18269.0 0.0 26286 513 7213.35 20
220 0.1 13794.0 0.0 26286 513 7739.809523809524 21
230 0.1 9933.0 0.0 26286 513 8015.0 22
240 0.1 8403.0 0.0 26286 513 8098.391304347826 23
250 0.1 6936.0 0.0 26286 513 8111.083333333333 24
260 0.1 6344.0 0.0 26286 513 8064.08 25
270 0.1 2825.0 0.0 26286 513 7997.923076923077 26
280 0.1 821.0 0.0 26286 513 7806.333333333333 27
287 0.1 331.0 0.0 26286 331 7556.857142857143 28
