0 4.8 47.035875000000004 73.24111075915202 363.418 7.063 0 0
10 10.3 55.85884466019419 61.544810888775125 363.418 7.063 47.035875000000004 48
20 15.9 98.01554716981127 128.267756696278 488.793 7.063 53.05419205298014 151
30 22.9 212.73437554585166 236.24689619113795 933.763 7.063 76.11501612903224 310
40 29 160.45005862068956 145.23933990151426 933.763 7.063 134.1592337662338 539
50 36.3 307.6923994490357 206.2000485863188 933.763 6.971 143.35626537997587 829
60 38.1 858.8194383202103 448.5931072486011 1820.347 6.971 193.40158137583887 1192
70 37 1735.2311351351368 481.5380781694052 2460.082 6.971 354.573993006993 1573
80 34.8 3033.991195402298 566.9158044122339 3979.994 6.971 617.4886314976844 1943
90 40.9 3158.7594278728593 1781.6595549115639 5555.049 0.514 984.5523120907902 2291
100 93.4 1754.5921295503256 2085.0397354137517 5555.049 0.51 1313.9044270370368 2700
110 129.4 1128.1977295208678 2094.488172490781 6732.403 0.5 1427.1686851953777 3634
120 145.9 1278.0594551062345 1874.8167770956147 6732.403 0.488 1348.6645422077934 4928
130 154 1061.2573207792193 1432.3924624837764 6732.403 0.488 1332.5360277125412 6387
140 151.5 1065.088913531353 1260.2533542294875 6732.403 0.488 1279.8339703544846 7927
150 138 1144.1156659420308 1257.1487171931344 6732.403 0.488 1245.3774186613005 9442
160 135.7 1196.935263080325 1188.5430198763625 6732.403 0.488 1232.464720569211 10822
170 130.3 1224.1831619339982 1164.3688337141375 6732.403 0.488 1228.505982264554 12179
180 109.1 1474.6624848762574 884.2095762351953 6732.403 0.488 1228.0881929980717 13482
190 103.6 1492.7784671814672 1157.0307071470363 6732.403 0.488 1246.5478480065876 14573
200 84 1785.0684142857135 777.703436623567 6732.403 0.488 1262.8906580178102 15609
210 77.4 1673.2009018087833 458.21440670615095 6732.403 0.488 1289.5566751170284 16449
220 67.8 729.3115634218294 454.56739376350504 6732.403 0.488 1306.7976105788769 17223
230 37.4 44.17557219251342 63.55013214957737 6732.403 0.488 1284.9253386402995 17901
240 10.9 45.85896330275231 55.57045345695406 6732.403 0.488 1259.533250396717 18275
250 1.1 21.508181818181818 25.22139323459778 6732.403 0.488 1252.3372921018279 18384
