10 0.1 431 0 431 431 0 0
20 0.1 523.0 0.0 523 431 431.0 1
30 0.1 490.0 0.0 523 431 477.0 2
40 0.1 865.0 0.0 865 431 481.3333333333333 3
50 0.1 1063.0 0.0 1063 431 577.25 4
60 0.1 1316.0 0.0 1316 431 674.4 5
70 0.1 1431.0 0.0 1431 431 781.3333333333334 6
80 0.1 1548.0 0.0 1548 431 874.1428571428571 7
90 0.1 1730.0 0.0 1730 431 958.375 8
100 0.1 1785.0 0.0 1785 431 1044.111111111111 9
110 0.1 2257.0 0.0 2257 431 1118.2 10
120 0.1 3172.0 0.0 3172 431 1221.7272727272727 11
130 0.1 4673.0 0.0 4673 431 1384.25 12
140 0.1 6703.0 0.0 6703 431 1637.2307692307693 13
150 0.1 8483.0 0.0 8483 431 1999.0714285714287 14
160 0.1 12863.0 0.0 12863 431 2431.3333333333335 15
170 0.1 21529.0 0.0 21529 431 3083.3125 16
180 0.1 27842.0 0.0 27842 431 4168.35294117647 17
190 0.1 27641.0 0.0 27842 431 5483.555555555556 18
200 0.1 25226.0 0.0 27842 431 6649.736842105263 19
210 0.1 19516.0 0.0 27842 431 7578.55 20
220 0.1 14975.0 0.0 27842 431 8147.0 21
230 0.1 10226.0 0.0 27842 431 8457.363636363636 22
240 0.1 7620.0 0.0 27842 431 8534.260869565218 23
250 0.1 5217.0 0.0 27842 431 8496.166666666666 24
260 0.1 4097.0 0.0 27842 431 8365.0 25
270 0.1 1987.0 0.0 27842 431 8200.846153846154 26
280 0.1 577.0 0.0 27842 431 7970.7037037037035 27
287 0.1 251.0 0.0 27842 251 7706.642857142857 28
