10 0.1 241 0 241 241 0 0
20 0.1 472.0 0.0 472 241 241.0 1
30 0.1 1059.0 0.0 1059 241 356.5 2
40 0.1 1202.0 0.0 1202 241 590.6666666666666 3
50 0.1 1137.0 0.0 1202 241 743.5 4
60 0.1 1676.0 0.0 1676 241 822.2 5
70 0.1 1616.0 0.0 1676 241 964.5 6
80 0.1 1644.0 0.0 1676 241 1057.5714285714287 7
90 0.1 1718.0 0.0 1718 241 1130.875 8
100 0.1 1708.0 0.0 1718 241 1196.111111111111 9
110 0.1 3284.0 0.0 3284 241 1247.3 10
120 0.1 3578.0 0.0 3578 241 1432.4545454545455 11
130 0.1 3949.0 0.0 3949 241 1611.25 12
140 0.1 4432.0 0.0 4432 241 1791.076923076923 13
150 0.1 4252.0 0.0 4432 241 1979.7142857142858 14
160 0.1 4160.0 0.0 4432 241 2131.2 15
170 0.1 3979.0 0.0 4432 241 2258.0 16
180 0.1 3889.0 0.0 4432 241 2359.235294117647 17
190 0.1 3512.0 0.0 4432 241 2444.222222222222 18
200 0.1 3701.0 0.0 4432 241 2500.4210526315787 19
210 0.1 3078.0 0.0 4432 241 2560.45 20
220 0.1 3160.0 0.0 4432 241 2585.095238095238 21
230 0.1 3106.0 0.0 4432 241 2611.2272727272725 22
240 0.1 1306.0 0.0 4432 241 2632.7391304347825 23
250 0.1 769.0 0.0 4432 241 2577.4583333333335 24
