60 0.1 64584.762 0 64584.762 64584.762 0 0
70 0.2 68727.15400000001 495.9529999999977 69223.107 64584.762 64584.762 1
80 0.1 79559.608 0.0 79559.608 64584.762 67346.35666666667 3
90 0.4 87494.073 4574.606046850212 94372.437 64584.762 70399.6695 4
100 0.4 98384.20725 2370.3515845157212 102418.421 64584.762 78946.87125 8
110 0.5 105941.38660000001 8236.138021819152 116986.151 64584.762 85425.98325 12
120 0.1 104298.37 0.0 116986.151 64584.762 91459.92541176472 17
130 0.7 109936.37571428569 4309.16902283845 117940.108 64584.762 92173.17233333335 18
140 1 110644.55900000001 8249.453929467601 127419.632 64584.762 97146.86928000001 25
150 1.1 119603.12354545452 12509.725671620521 139826.451 64584.762 101003.35205714288 35
160 1.6 120849.92193750002 10917.679187907073 139826.451 64584.762 105451.1235 46
170 1.6 114622.051625 14489.964268967895 139826.451 64584.762 109425.00696774194 62
180 1.9 111930.9167368421 19826.09004690997 141231.092 64584.762 110491.06741025641 78
190 3.1 115716.99729032259 17868.186973952026 163708.165 64584.762 110773.09975257731 97
200 5.3 119525.04405660376 15953.516979447078 163708.165 64584.762 111970.4499375 128
210 6.8 122910.77339705882 17744.980319820374 163708.165 64584.762 114182.56865745857 181
220 10.1 123764.407980198 13459.95920433461 163708.165 64584.762 116566.17477108433 249
230 5.9 126331.89811864408 11169.380442671987 163708.165 64584.762 118643.37921142858 350
240 2.4 134250.74687500004 9869.654393563835 163708.165 64584.762 119752.48096088019 409
250 0.4 140693.23724999998 12645.651332197294 163708.165 64584.762 120556.07999538105 433
