0 23.0265625 23.0265625
10 73.0453125 96.071875
20 105.83046875 201.90234375
30 148.846875 350.74921875
40 202.62265625 553.371875
50 254.17578125 807.54765625
60 260.1875 1067.73515625
70 261.41015625 1329.1453125
80 251.88125 1581.0265625
90 269.64375 1850.6703125
100 544.0109375 2394.68125
110 753.34375 3148.025
120 886.28203125 4034.30703125
130 979.703125 5014.01015625
140 976.8140625 5990.82421875
150 919.6015625 6910.42578125
160 918.66796875 7829.09375
170 889.62578125 8718.71953125
180 762.6421875 9481.36171875
190 713.25390625 10194.615625
200 578.64609375 10773.26171875
210 481.4328125 11254.69453125
220 408.17421875 11662.86875
230 255.38203125 11918.25078125
240 73.22265625 11991.4734375
250 7.021875 11998.4953125
