0 69.02265625 69.02265625
10 215.33125 284.35390625
20 728.81953125 1013.1734375
30 1058.2078125 2071.38125
40 1122.315625 3193.696875
50 1738.4515625 4932.1484375
60 1526.78046875 6458.92890625
70 1569.63125 8028.56015625
80 1371.1765625 9399.73671875
90 1241.015625 10640.75234375
100 1862.79375 12503.54609375
110 1533.3671875 14036.91328125
120 2303.1015625 16340.01484375
130 3515.128125 19855.14296875
140 3475.11875 23330.26171875
150 3634.4453125 26964.70703125
160 3553.99453125 30518.7015625
170 3470.98828125 33989.68984375
180 3131.83046875 37121.5203125
190 3675.96328125 40797.48359375
200 3603.4015625 44400.88515625
210 4037.07734375 48437.9625
220 4077.25703125 52515.21953125
230 1786.47734375 54301.696875
240 1038.82109375 55340.51796875
250 70.590625 55411.10859375
