0 0.1 5.973742903487429 0 5.973742903487429 5.973742903487429 0 0
10 0.1 2.8855721393034823 0.0 5.973742903487429 2.8855721393034823 5.973742903487429 1
20 0.1 0.5 0.0 5.973742903487429 0.5 4.429657521395455 2
30 0.1 0.0999000999000999 0.0 5.973742903487429 0.0999000999000999 3.1197716809303038 3
40 0.1 2.197802197802198 0.0 5.973742903487429 0.0999000999000999 2.364803785672753 4
50 0.1 0.897308075772682 0.0 5.973742903487429 0.0999000999000999 2.3314034680986415 5
60 0.1 0.8964143426294822 0.0 5.973742903487429 0.0999000999000999 2.092387569377648 6
70 0.1 4.365079365079365 0.0 5.973742903487429 0.0999000999000999 1.9215342512707674 7
80 0.1 2.2908366533864544 0.0 5.973742903487429 0.0999000999000999 2.226977390496842 8
90 0.1 1.9940179461615155 0.0 5.973742903487429 0.0999000999000999 2.2340728641512433 9
100 0.1 1.6 0.0 5.973742903487429 0.0999000999000999 2.210067372352271 10
110 0.1 1.7999999999999998 0.0 5.973742903487429 0.0999000999000999 2.154606702138428 11
120 0.1 0.1 0.0 5.973742903487429 0.0999000999000999 2.1250561436268924 12
130 0.1 1.6966067864271457 0.0 5.973742903487429 0.0999000999000999 1.9692825941171317 13
140 0.1 0.3003003003003003 0.0 5.973742903487429 0.0999000999000999 1.949805750710704 14
150 0.1 1.9 0.0 5.973742903487429 0.0999000999000999 1.8398387206833438 15
160 0.1 0.2 0.0 5.973742903487429 0.0999000999000999 1.8435988006406347 16
170 0.1 0.3 0.0 5.973742903487429 0.0999000999000999 1.746916518250009 17
180 0.1 0.4995004995004995 0.0 5.973742903487429 0.0999000999000999 1.6665322672361198 18
190 0.1 0.2004008016032064 0.0 5.973742903487429 0.0999000999000999 1.6051095426184556 19
200 0.1 0.5988023952095809 0.0 5.973742903487429 0.0999000999000999 1.534874105567693 20
210 0.1 0.2997002997002997 0.0 5.973742903487429 0.0999000999000999 1.490299262217307 21
220 0.1 0.1 0.0 5.973742903487429 0.0999000999000999 1.436181127557443 22
230 0.1 0.3 0.0 5.973742903487429 0.0999000999000999 1.3780862959245108 23
