0 0.1 3520.28515625 0 3520.28515625 3520.28515625 0 0
10 0.1 3521.5859375 0.0 3521.5859375 3520.28515625 3520.28515625 1
20 0.1 3522.78125 0.0 3522.78125 3520.28515625 3520.935546875 2
30 0.1 3522.6484375 0.0 3522.78125 3520.28515625 3521.55078125 3
40 0.1 3521.70703125 0.0 3522.78125 3520.28515625 3521.8251953125 4
50 0.1 3521.06640625 0.0 3522.78125 3520.28515625 3521.8015625 5
60 0.1 3520.5546875 0.0 3522.78125 3520.28515625 3521.6790364583335 6
70 0.1 3520.0234375 0.0 3522.78125 3520.0234375 3521.5184151785716 7
80 0.1 3519.23828125 0.0 3522.78125 3519.23828125 3521.33154296875 8
90 0.1 3518.52734375 0.0 3522.78125 3518.52734375 3521.0989583333335 9
100 0.1 3518.1796875 0.0 3522.78125 3518.1796875 3520.841796875 10
110 0.1 3517.82421875 0.0 3522.78125 3517.82421875 3520.599786931818 11
120 0.1 3517.84375 0.0 3522.78125 3517.82421875 3520.3684895833335 12
130 0.1 3517.703125 0.0 3522.78125 3517.703125 3520.174278846154 13
140 0.1 3517.74609375 0.0 3522.78125 3517.703125 3519.9977678571427 14
150 0.1 3517.515625 0.0 3522.78125 3517.515625 3519.84765625 15
160 0.1 3517.53515625 0.0 3522.78125 3517.515625 3519.701904296875 16
170 0.1 3517.5625 0.0 3522.78125 3517.515625 3519.5744485294117 17
180 0.1 3517.328125 0.0 3522.78125 3517.328125 3519.4626736111113 18
190 0.1 3517.23828125 0.0 3522.78125 3517.23828125 3519.3503289473683 19
200 0.1 3516.66015625 0.0 3522.78125 3516.66015625 3519.2447265625 20
210 0.1 3516.43359375 0.0 3522.78125 3516.43359375 3519.121651785714 21
220 0.1 3516.3125 0.0 3522.78125 3516.3125 3518.9994673295455 22
230 0.1 3516.328125 0.0 3522.78125 3516.3125 3518.8826426630435 23
