0 0.1 0.0 0 0.0 0.0 0 0
10 0.1 0.0 0.0 0.0 0.0 0.0 1
20 0.1 0.0 0.0 0.0 0.0 0.0 2
30 0.1 0.0 0.0 0.0 0.0 0.0 3
40 0.1 0.0 0.0 0.0 0.0 0.0 4
50 0.1 0.0 0.0 0.0 0.0 0.0 5
60 0.1 0.0 0.0 0.0 0.0 0.0 6
70 0.1 0.0703125 0.0 0.0703125 0.0 0.0 7
80 0.1 0.05859375 0.0 0.0703125 0.0 0.0087890625 8
90 0.1 0.05078125 0.0 0.0703125 0.0 0.014322916666666666 9
100 0.1 0.0390625 0.0 0.0703125 0.0 0.01796875 10
110 0.1 0.0390625 0.0 0.0703125 0.0 0.019886363636363636 11
120 0.1 0.03125 0.0 0.0703125 0.0 0.021484375 12
130 0.1 0.01953125 0.0 0.0703125 0.0 0.022235576923076924 13
140 0.1 0.01953125 0.0 0.0703125 0.0 0.022042410714285716 14
150 0.1 0.01953125 0.0 0.0703125 0.0 0.021875 15
160 0.1 0.01171875 0.0 0.0703125 0.0 0.021728515625 16
170 0.1 0.01171875 0.0 0.0703125 0.0 0.021139705882352942 17
180 0.1 0.01171875 0.0 0.0703125 0.0 0.020616319444444444 18
190 0.1 0.01171875 0.0 0.0703125 0.0 0.020148026315789474 19
200 0.1 0.01171875 0.0 0.0703125 0.0 0.0197265625 20
210 0.1 0.0 0.0 0.0703125 0.0 0.019345238095238096 21
220 0.1 0.0 0.0 0.0703125 0.0 0.018465909090909092 22
230 0.1 0.0 0.0 0.0703125 0.0 0.017663043478260868 23
