10 0.1 129 0 129 129 0 0
20 0.1 12.0 0.0 129 12 129.0 1
30 0.1 5.0 0.0 129 5 70.5 2
40 0.1 83.0 0.0 129 5 48.666666666666664 3
50 0.1 23.0 0.0 129 5 57.25 4
60 0.1 20.0 0.0 129 5 50.4 5
70 0.1 157.0 0.0 157 5 45.333333333333336 6
80 0.1 57.0 0.0 157 5 61.285714285714285 7
90 0.1 84.0 0.0 157 5 60.75 8
100 0.1 60.0 0.0 157 5 63.333333333333336 9
110 0.1 86.0 0.0 157 5 63.0 10
120 0.1 0.0 0.0 157 0 65.0909090909091 11
130 0.1 65.0 0.0 157 0 59.666666666666664 12
140 0.1 5.0 0.0 157 0 60.07692307692308 13
150 0.1 69.0 0.0 157 0 56.142857142857146 14
160 0.1 4.0 0.0 157 0 57.0 15
170 0.1 7.0 0.0 157 0 53.6875 16
180 0.1 21.0 0.0 157 0 50.94117647058823 17
190 0.1 10.0 0.0 157 0 49.27777777777778 18
200 0.1 8.0 0.0 157 0 47.21052631578947 19
210 0.1 4.0 0.0 157 0 45.25 20
220 0.1 0.0 0.0 157 0 43.285714285714285 21
230 0.1 1.0 0.0 157 0 41.31818181818182 22
