10 0.1 343 0 343 343 0 0
20 0.1 67.0 0.0 343 67 343.0 1
30 0.1 42.0 0.0 343 42 205.0 2
40 0.1 268.0 0.0 343 42 150.66666666666666 3
50 0.1 127.0 0.0 343 42 180.0 4
60 0.1 137.0 0.0 343 42 169.4 5
70 0.1 551.0 0.0 551 42 164.0 6
80 0.1 367.0 0.0 551 42 219.28571428571428 7
90 0.1 274.0 0.0 551 42 237.75 8
100 0.1 216.0 0.0 551 42 241.77777777777777 9
110 0.1 314.0 0.0 551 42 239.2 10
120 0.1 31.0 0.0 551 31 246.0 11
130 0.1 191.0 0.0 551 31 228.08333333333334 12
140 0.1 88.0 0.0 551 31 225.23076923076923 13
150 0.1 224.0 0.0 551 31 215.42857142857142 14
160 0.1 47.0 0.0 551 31 216.0 15
170 0.1 90.0 0.0 551 31 205.4375 16
180 0.1 118.0 0.0 551 31 198.64705882352942 17
190 0.1 132.0 0.0 551 31 194.16666666666666 18
200 0.1 193.0 0.0 551 31 190.89473684210526 19
210 0.1 177.0 0.0 551 31 191.0 20
220 0.1 74.0 0.0 551 31 190.33333333333334 21
230 0.1 49.0 0.0 551 31 185.04545454545453 22
