0 1 3.2658 5.791593818630585 20.636 1.208 0 0
10 0.8 1.1563750000000002 0.09192651616916626 20.636 1.077 3.2658 10
20 0.9 1.1336666666666666 0.06018305409332433 20.636 1.061 2.328277777777778 18
30 1.7 1.076235294117647 0.11593787860531919 20.636 0.879 1.9300740740740745 27
40 2.2 1.303818181818182 0.9040524741590269 20.636 0.879 1.6001818181818186 44
50 2.3 1.2878695652173917 0.23380264891344005 20.636 0.879 1.5013939393939395 66
60 3 1.573 1.3218238914469662 20.636 0.879 1.4462134831460676 89
70 4.2 1.1971428571428575 0.10305929209476854 20.636 0.879 1.4781764705882354 119
80 3.2 1.4080625 1.4428404264137284 20.636 0.879 1.4048633540372675 161
90 8.2 1.2867560975609753 0.6421031480274196 20.636 0.879 1.40539378238342 193
100 8 1.0835625 0.1841821003619788 20.636 0.848 1.3700181818181818 275
110 6.7 1.2169552238805978 0.6110881030071604 20.636 0.848 1.3054647887323945 355
120 1.8 2.8679444444444444 4.899306566264956 22.044 0.848 1.2914123222748817 422
130 0 0 0 22.044 0.848 1.3559068181818186 440
140 0 0 0 22.044 0.848 1.3559068181818186 440
150 0 0 0 22.044 0.848 1.3559068181818186 440
160 0 0 0 22.044 0.848 1.3559068181818186 440
170 0 0 0 22.044 0.848 1.3559068181818186 440
180 0 0 0 22.044 0.848 1.3559068181818186 440
190 0 0 0 22.044 0.848 1.3559068181818186 440
200 0 0 0 22.044 0.848 1.3559068181818186 440
210 0 0 0 22.044 0.848 1.3559068181818186 440
220 0 0 0 22.044 0.848 1.3559068181818186 440
230 0 0 0 22.044 0.848 1.3559068181818186 440
240 0 0 0 22.044 0.848 1.3559068181818186 440
246 0 0 0 22.044 0.848 1.3559068181818186 440
