0 0.1 2.661440701909395 0 2.661440701909395 2.661440701909395 0 0
10 0.1 2.797202797202797 0.0 2.797202797202797 2.661440701909395 2.661440701909395 1
20 0.1 0.7992007992007992 0.0 2.797202797202797 0.7992007992007992 2.729321749556096 2
30 0.1 2.3046092184368736 0.0 2.797202797202797 0.7992007992007992 2.0859480994376636 3
40 0.1 2.512562814070352 0.0 2.797202797202797 0.7992007992007992 2.140613379187466 4
50 0.1 2.6236125126135215 0.0 2.797202797202797 0.7992007992007992 2.215003266164043 5
60 0.1 1.7154389505549947 0.0 2.797202797202797 0.7992007992007992 2.283104807238956 6
70 0.1 2.224469160768453 0.0 2.797202797202797 0.7992007992007992 2.202009684855533 7
80 0.1 1.9191919191919191 0.0 2.797202797202797 0.7992007992007992 2.204817119344648 8
90 0.1 2.2132796780684103 0.0 2.797202797202797 0.7992007992007992 2.173080985994345 9
100 0.1 3.726082578046324 0.0 3.726082578046324 0.7992007992007992 2.1771008552017515 10
110 0.1 5.633802816901409 0.0 5.633802816901409 0.7992007992007992 2.3179173754603486 11
120 0.1 7.745779543197617 0.0 7.745779543197617 0.7992007992007992 2.5942411622471035 12
130 0.1 6.726013847675569 0.0 7.745779543197617 0.7992007992007992 2.990513345397143 13
140 0.1 7.227722772277227 0.0 7.745779543197617 0.7992007992007992 3.257334809845602 14
150 0.1 4.8804780876494025 0.0 7.745779543197617 0.7992007992007992 3.5220273406743767 15
160 0.1 6.033630069238378 0.0 7.745779543197617 0.7992007992007992 3.6069305123603157 16
170 0.1 4.985044865403789 0.0 7.745779543197617 0.7992007992007992 3.749677545117849 17
180 0.1 5.550049554013875 0.0 7.745779543197617 0.7992007992007992 3.818309062911512 18
190 0.1 4.527162977867203 0.0 7.745779543197617 0.7992007992007992 3.909453299285321 19
200 0.1 6.325301204819277 0.0 7.745779543197617 0.7992007992007992 3.9403387832144157 20
210 0.1 4.032258064516129 0.0 7.745779543197617 0.7992007992007992 4.0539084223384565 21
220 0.1 5.110220440881764 0.0 7.745779543197617 0.7992007992007992 4.052924315164715 22
230 0.1 6.218655967903711 0.0 7.745779543197617 0.7992007992007992 4.098893711935021 23
240 0.1 1.8054162487462388 0.0 7.745779543197617 0.7992007992007992 4.187217139267049 24
246 0.1 2.6 0.0 7.745779543197617 0.7992007992007992 4.091945103646217 25
