0 0.1 3513.33203125 0 3513.33203125 3513.33203125 0 0
10 0.1 3515.16796875 0.0 3515.16796875 3513.33203125 3513.33203125 1
20 0.1 3512.02734375 0.0 3515.16796875 3512.02734375 3514.25 2
30 0.1 3508.859375 0.0 3515.16796875 3508.859375 3513.5091145833335 3
40 0.1 3504.40234375 0.0 3515.16796875 3504.40234375 3512.3466796875 4
50 0.1 3496.43359375 0.0 3515.16796875 3496.43359375 3510.7578125 5
60 0.1 3487.01171875 0.0 3515.16796875 3487.01171875 3508.3704427083335 6
70 0.1 3478.67578125 0.0 3515.16796875 3478.67578125 3505.3191964285716 7
80 0.1 3467.625 0.0 3515.16796875 3467.625 3501.98876953125 8
90 0.1 3459.83203125 0.0 3515.16796875 3459.83203125 3498.1705729166665 9
100 0.1 3443.140625 0.0 3515.16796875 3443.140625 3494.33671875 10
110 0.1 3437.140625 0.0 3515.16796875 3437.140625 3489.682528409091 11
120 0.1 3422.078125 0.0 3515.16796875 3422.078125 3485.3040364583335 12
130 0.1 3416.50390625 0.0 3515.16796875 3416.50390625 3480.4405048076924 13
140 0.1 3404.57421875 0.0 3515.16796875 3404.57421875 3475.873604910714 14
150 0.1 3402.28125 0.0 3515.16796875 3402.28125 3471.1203125 15
160 0.1 3400.73046875 0.0 3515.16796875 3400.73046875 3466.81787109375 16
170 0.1 3399.51953125 0.0 3515.16796875 3399.51953125 3462.930376838235 17
180 0.1 3398.6171875 0.0 3515.16796875 3398.6171875 3459.4075520833335 18
190 0.1 3397.34765625 0.0 3515.16796875 3397.34765625 3456.2080592105262 19
200 0.1 3396.1796875 0.0 3515.16796875 3396.1796875 3453.2650390625 20
210 0.1 3395.61328125 0.0 3515.16796875 3395.61328125 3450.5466889880954 21
220 0.1 3394.6875 0.0 3515.16796875 3394.6875 3448.049715909091 22
230 0.1 3394.5546875 0.0 3515.16796875 3394.5546875 3445.7296195652175 23
240 0.1 3395.65234375 0.0 3515.16796875 3394.5546875 3443.5973307291665 24
246 0.1 3427.91796875 0.0 3515.16796875 3394.5546875 3441.67953125 25
