0 0.1 0.01953125 0 0.01953125 0.01953125 0 0
10 0.1 0.01953125 0.0 0.01953125 0.01953125 0.01953125 1
20 0.1 0.01953125 0.0 0.01953125 0.01953125 0.01953125 2
30 0.1 0.01171875 0.0 0.01953125 0.01171875 0.01953125 3
40 0.1 0.01171875 0.0 0.01953125 0.01171875 0.017578125 4
50 0.1 0.01171875 0.0 0.01953125 0.01171875 0.01640625 5
60 0.1 0.01171875 0.0 0.01953125 0.01171875 0.015625 6
70 0.1 0.08984375 0.0 0.08984375 0.01171875 0.015066964285714286 7
80 0.1 0.0703125 0.0 0.08984375 0.01171875 0.0244140625 8
90 0.1 0.05859375 0.0 0.08984375 0.01171875 0.029513888888888888 9
100 0.1 0.05078125 0.0 0.08984375 0.01171875 0.032421875 10
110 0.1 0.0390625 0.0 0.08984375 0.01171875 0.03409090909090909 11
120 0.1 0.0390625 0.0 0.08984375 0.01171875 0.034505208333333336 12
130 0.1 0.03125 0.0 0.08984375 0.01171875 0.03485576923076923 13
140 0.1 0.01953125 0.0 0.08984375 0.01171875 0.03459821428571429 14
150 0.1 0.01953125 0.0 0.08984375 0.01171875 0.03359375 15
160 0.1 0.01953125 0.0 0.08984375 0.01171875 0.03271484375 16
170 0.1 0.01171875 0.0 0.08984375 0.01171875 0.031939338235294115 17
180 0.1 0.01171875 0.0 0.08984375 0.01171875 0.030815972222222224 18
190 0.1 0.01171875 0.0 0.08984375 0.01171875 0.029810855263157895 19
200 0.1 0.01171875 0.0 0.08984375 0.01171875 0.02890625 20
210 0.1 0.01171875 0.0 0.08984375 0.01171875 0.02808779761904762 21
220 0.1 0.0 0.0 0.08984375 0.0 0.02734375 22
230 0.1 0.0 0.0 0.08984375 0.0 0.026154891304347828 23
240 0.1 0.0 0.0 0.08984375 0.0 0.025065104166666668 24
246 0.1 0.0 0.0 0.08984375 0.0 0.0240625 25
