0 4.4 64.85456818181818 70.51406208093846 199.041 7.254 0 0
10 8.4 54.24958333333335 59.24572421546118 259.78 7.038 64.85456818181818 44
20 11.8 74.3778220338983 83.3654643325615 353.315 7.038 57.895046875000006 128
30 18 106.23357222222221 124.39301295875062 639.568 6.264 65.801418699187 246
40 27.2 197.99138970588243 183.93402073850274 898.257 6.264 82.88542723004694 426
50 31.6 701.6515189873409 524.8008798731773 2646.278 6.264 127.74047277936964 698
60 35.6 1134.498856741571 601.2422027502768 3199.483 6.264 306.5924358974357 1014
70 32.2 1993.8266335403741 796.2547094137916 5467.708 6.264 521.7272430656927 1370
80 35.4 2766.094875706216 823.2630595341656 6563.822 6.264 801.8785455082739 1692
90 53.8 2675.7545836431223 1937.363405517392 8100.786 0.532 1141.7282917888563 2046
100 94.3 1744.018217391305 2308.028906551235 9421.41 0.525 1461.1192147832817 2584
110 129.8 1119.9015839753467 1934.3517826536731 9421.41 0.515 1536.7567989793026 3527
120 138.2 1265.1473111432701 1972.0098115147473 9541.67 0.515 1424.6162665284976 4825
130 139.2 1224.9492377873576 1741.8818366338248 9541.67 0.515 1389.110209440954 6207
140 136.1 1194.3157112417348 1507.875443464543 9541.67 0.515 1359.038874720358 7599
150 132.5 1145.9886581132114 1323.6887117740355 9541.67 0.511 1334.0178674107146 8960
160 123.5 1371.5494647773278 1444.8328180948836 9541.67 0.511 1309.7943669421495 10285
170 114.8 1321.0151445993042 1508.5866812664024 9541.67 0.511 1316.414813628473 11520
180 96.4 1760.3395114107868 1290.7995296614965 9541.67 0.511 1316.8317050047372 12668
190 84.4 1836.7526812796204 1189.2548244854577 9541.67 0.511 1348.194786384977 13632
200 70.3 1914.7601877667144 660.8758672077238 9541.67 0.511 1376.6793721331867 14476
210 68.6 1641.4339606414 688.2137576234459 9541.67 0.511 1401.600039725938 15179
220 54.6 603.317274725274 524.1942465030309 9541.67 0.511 1411.9704191616772 15865
230 22.7 90.93977973568285 147.94597640627512 9541.67 0.511 1385.066231917617 16411
240 7.8 37.566012820512825 43.71979865692888 9541.67 0.511 1367.409860680371 16638
246 0.4 86.8915 64.86149037950022 9541.67 0.511 1361.2045591648725 16716
