10 0.1 574 0 574 574 0 0
20 0.1 422.0 0.0 574 422 574.0 1
30 0.1 1026.0 0.0 1026 422 498.0 2
40 0.1 1367.0 0.0 1367 422 674.0 3
50 0.1 1970.0 0.0 1970 422 847.25 4
60 0.1 2246.0 0.0 2246 422 1071.8 5
70 0.1 2531.0 0.0 2531 422 1267.5 6
80 0.1 2222.0 0.0 2531 422 1448.0 7
90 0.1 2075.0 0.0 2531 422 1544.75 8
100 0.1 3030.0 0.0 3030 422 1603.6666666666667 9
110 0.1 3521.0 0.0 3521 422 1746.3 10
120 0.1 3607.0 0.0 3607 422 1907.6363636363637 11
130 0.1 4349.0 0.0 4349 422 2049.25 12
140 0.1 5414.0 0.0 5414 422 2226.153846153846 13
150 0.1 5531.0 0.0 5531 422 2453.8571428571427 14
160 0.1 5175.0 0.0 5531 422 2659.0 15
170 0.1 5260.0 0.0 5531 422 2816.25 16
180 0.1 5334.0 0.0 5531 422 2960.0 17
190 0.1 5010.0 0.0 5531 422 3091.8888888888887 18
200 0.1 5492.0 0.0 5531 422 3192.842105263158 19
210 0.1 5109.0 0.0 5531 422 3307.8 20
220 0.1 5678.0 0.0 5678 422 3393.5714285714284 21
230 0.1 4858.0 0.0 5678 422 3497.409090909091 22
240 0.1 1957.0 0.0 5678 422 3556.5652173913045 23
246 0.1 894.0 0.0 5678 422 3489.9166666666665 24
