0 4.4 64.85456818181818 70.51406208093846 199.041 7.254 0 0
10 8.8 51.780000000000015 57.762441742017806 259.78 7.038 64.85456818181818 44
20 12.7 69.10164566929136 81.25596529656161 353.315 7.038 56.138189393939406 132
30 19.1 100.1122670157068 116.63180408895288 517.658 6.264 62.494787644787664 259
40 29 185.6990103448276 173.96705126656215 898.257 6.264 78.4613177777778 450
50 33.7 664.3607359050443 470.2445947843942 1936.991 6.264 120.48690000000002 740
60 38.1 1063.7956351706023 482.51803306547635 2093.006 6.264 290.66840668523673 1077
70 34.5 1896.0071304347841 586.313880686834 2903.961 6.264 492.6995960219475 1458
80 36.9 2635.1206178861817 487.05404086398613 4015.223 6.264 761.2193405435385 1803
90 57.6 2550.780197916668 1740.7822917259227 4765.635 0.495 1079.5754967771645 2172
100 99.5 1648.457570854271 2106.5224893195923 5582.146 0.485 1387.9502812954884 2748
110 138.6 1064.1443253968246 1815.433293912932 5582.146 0.485 1457.2008164573874 3743
120 151.3 1143.3911890284198 1728.174983295511 5582.146 0.485 1350.9859019302007 5129
130 155.6 1091.391845115679 1512.9906682926303 5582.146 0.485 1303.6973140620294 6642
140 153.5 1062.6990553745939 1296.8078025793968 5582.146 0.485 1263.4012284703579 8198
150 147.3 1028.428414799731 1164.5585256318573 5582.146 0.485 1231.7483120312334 9733
160 138 1221.7328681159415 1212.897937380989 5582.146 0.485 1205.0224322684276 11206
170 129.2 1190.3439520123857 1283.4382091906568 5582.146 0.485 1206.8546586683617 12586
180 106.7 1575.293755388938 1041.5575948275173 5582.146 0.485 1205.317561608301 13878
190 95.5 1610.971582198951 932.8103770741228 5582.146 0.485 1231.7320546671126 14945
200 79.5 1709.788559748428 381.4819278430538 5582.146 0.485 1254.510277861635 15900
210 78.4 1414.9845051020402 358.3448777145167 5582.146 0.485 1276.1901960467203 16695
220 63.5 496.57750236220477 383.0270240787392 5582.146 0.485 1282.4156516391095 17479
230 26.4 76.4462348484849 117.85628544843263 5582.146 0.485 1254.8674996687641 18114
240 9.7 30.196103092783506 34.09451367707083 5582.146 0.485 1237.9394762759819 18378
246 0.5 69.5012 57.11398156458714 5582.146 0.485 1231.5984149932337 18475
