10 0.1 497 0 497 497 0 0
20 0.1 345.0 0.0 497 345 497.0 1
30 0.1 782.0 0.0 782 345 421.0 2
40 0.1 995.0 0.0 995 345 541.3333333333334 3
50 0.1 1426.0 0.0 1426 345 654.75 4
60 0.1 1492.0 0.0 1492 345 809.0 5
70 0.1 1727.0 0.0 1727 345 922.8333333333334 6
80 0.1 1594.0 0.0 1727 345 1037.7142857142858 7
90 0.1 1494.0 0.0 1727 345 1107.25 8
100 0.1 2338.0 0.0 2338 345 1150.2222222222222 9
110 0.1 3239.0 0.0 3239 345 1269.0 10
120 0.1 3759.0 0.0 3759 345 1448.090909090909 11
130 0.1 3908.0 0.0 3908 345 1640.6666666666667 12
140 0.1 4573.0 0.0 4573 345 1815.076923076923 13
150 0.1 4428.0 0.0 4573 345 2012.0714285714287 14
160 0.1 4227.0 0.0 4573 345 2173.133333333333 15
170 0.1 4057.0 0.0 4573 345 2301.5 16
180 0.1 4.0e3 0.0 4573 345 2404.764705882353 17
190 0.1 3427.0 0.0 4573 345 2493.3888888888887 18
200 0.1 3683.0 0.0 4573 345 2542.5263157894738 19
210 0.1 3142.0 0.0 4573 345 2599.55 20
220 0.1 3314.0 0.0 4573 345 2625.3809523809523 21
230 0.1 2899.0 0.0 4573 345 2656.681818181818 22
240 0.1 1128.0 0.0 4573 345 2667.217391304348 23
246 0.1 583.0 0.0 4573 345 2603.0833333333335 24
