60 0.1 62334.951 0 62334.951 62334.951 0 0
70 0 0 0 62334.951 62334.951 62334.951 1
80 0 0 0 62334.951 62334.951 62334.951 1
90 0 0 0 62334.951 62334.951 62334.951 1
100 0.5 92539.2564 7505.548068920316 100125.471 62334.951 62334.951 1
110 0.6 108494.479 3808.905077524294 112810.351 62334.951 87505.2055 6
120 0.7 108140.28842857144 9117.015578369159 122022.606 62334.951 97999.84225 12
130 0.5 107897.5114 7972.385800078584 122022.606 62334.951 101735.79610526317 19
140 0.6 114737.85083333333 9528.382862580398 128118.911 62334.951 103019.48679166667 24
150 1.5 114445.40993333334 12747.033010575718 139209.803 62334.951 105363.1596 30
160 1.2 114471.69916666666 19887.104199690308 139209.803 62334.951 108390.57637777779 45
170 2 118977.02815 15722.266504121526 139209.803 62334.951 109670.81275438597 57
180 3 119571.79873333331 19589.48806899854 148000.594 62334.951 112088.01155844156 77
190 3.7 116311.78164864867 16735.45683312595 148000.594 62334.951 114186.26964485981 107
200 5.2 117165.77286538464 18029.114864471336 148000.594 62334.951 114732.40814583335 144
210 6.8 121498.24802941178 14196.812134619659 148076.721 62334.951 115377.99470408166 196
220 11.1 122834.86696396398 12453.146011968038 156960.322 62334.951 116954.42359090911 264
230 4 128026.46525000004 10974.191463153957 160660.661 62334.951 118695.03482933335 375
240 2.3 131541.7113913044 7299.678966654168 160660.661 62334.951 119594.44980963857 415
246 0.2 138116.0275 1828.5334999999905 160660.661 62334.951 120221.81742694066 438
