0 60.140625 60.140625
10 277.75546875 337.89609375
20 569 906.89609375
30 724.7109375 1631.60703125
40 1187.41171875 2819.01875
50 1388.140625 4207.159375
60 1700.46015625 5907.61953125
70 1566.828125 7474.44765625
80 1204.2875 8678.73515625
90 1860.853125 10539.58828125
100 1847.05 12386.63828125
110 1705.93828125 14092.5765625
120 2434.903125 16527.4796875
130 3333.02265625 19860.50234375
140 3618.1171875 23478.61953125
150 3242.19609375 26720.815625
160 3556.00390625 30276.81953125
170 3643.21640625 33920.0359375
180 3488.5578125 37408.59375
190 3789.1140625 41197.7078125
200 4099.46640625 45297.17421875
210 4460.61875 49757.79296875
220 4042.64765625 53800.440625
230 1795.4578125 55595.8984375
240 851.00625 56446.9046875
246 63.615625 56510.5203125
