0 22.35 22.35
10 59.3921875 81.7421875
20 82.95625 164.6984375
30 127.16640625 291.86484375
40 186.565625 478.43046875
50 251.77109375 730.2015625
60 255.465625 985.6671875
70 253.19609375 1238.86328125
80 262.39453125 1501.2578125
90 363.54296875 1864.80078125
100 586.5140625 2451.31484375
110 820.04296875 3271.3578125
120 943.30859375 4214.66640625
130 1003.15 5217.81640625
140 1011.56015625 6229.3765625
150 992.12265625 7221.49921875
160 952.36171875 8173.8609375
170 899.18359375 9073.04453125
180 739.74609375 9812.790625
190 669.86484375 10482.65546875
200 542.259375 11024.91484375
210 493.17578125 11518.090625
220 395.1109375 11913.2015625
230 177.85390625 12091.05546875
240 63.9125 12154.96796875
246 3.1625 12158.13046875
