0 1.4 14
10 1.5 29
20 4.7 76
30 4.3 119
40 7.6 195
50 2.3 218
60 3.6 254
70 1.9 273
80 4.6 319
90 5.1 370
100 4.4 414
110 4.8 462
120 0.7 469
130 1.1 480
140 0.7 487
150 1.1 498
160 0.5 503
170 0.2 505
180 0.8 513
190 1.4 527
200 0.9 536
210 0.7 543
220 1.7 560
230 1.4 574
240 0.5 579
250 1.3 592
260 1.1 603
270 0.6 609
280 1.2 621
290 1.6 637
300 1.8 655
310 1 665
320 1.4 679
330 1.1 690
340 2.1 711
350 1.8 729
360 1.6 745
370 1.3 758
380 1.1 769
390 1.6 785
400 1.2 797
410 1 807
420 1.9 826
430 0.7 833
440 1.2 845
450 0.6 851
460 0.9 860
470 0.2 862
476 0 862
