0 0.1 1
10 0.4 5
20 5.5 60
30 12.9 189
40 12.4 313
50 1.2 325
60 0.6 331
70 0 331
80 0.2 333
90 0.6 339
100 0.1 340
110 0.2 342
120 0.1 343
130 0 343
140 0 343
150 0.2 345
160 0.1 346
170 1.7 363
180 3.4 397
190 2.6 423
200 2.7 450
210 2.1 471
220 1.5 486
230 1.4 500
240 3.7 537
250 3.5 572
260 2.4 596
270 2.2 618
280 3 648
290 2.1 669
300 1.9 688
310 2.6 714
320 3.7 751
330 3.3 784
340 3.8 822
350 3.8 860
360 5.1 911
370 1.9 930
380 4.8 978
390 3.4 1012
400 2.8 1040
410 2.5 1065
420 2.8 1093
430 2.4 1117
440 3.9 1156
450 2.2 1178
460 1.2 1190
470 0.4 1194
476 0.1 1195
