50 1.8 18
60 1.7 35
70 2.4 59
80 1.6 75
90 1.7 92
100 1.7 109
110 0.9 118
120 1.1 129
130 1.3 142
140 1.7 159
150 2.8 187
160 1.9 206
170 3.7 243
180 5.6 299
190 6.1 360
200 5.1 411
210 5.1 462
220 6.3 525
230 6.2 587
240 5.1 638
250 5.8 696
260 6.8 764
270 7.2 836
280 6.8 904
290 7.5 979
300 6.2 1041
310 5.5 1096
320 7.1 1167
330 6.9 1236
340 5.3 1289
350 6.2 1351
360 5.9 1410
370 5.1 1461
380 5.6 1517
390 5.9 1576
400 5.7 1633
410 5.6 1689
420 3.6 1725
430 3 1755
440 2.8 1783
450 0.2 1785
460 0.1 1786
470 0 1786
476 0 1786
