80 1 10
90 30.3 313
100 72.4 1037
110 116.2 2199
120 158 3779
130 152.6 5305
140 155.5 6860
150 147.4 8334
160 133.7 9671
170 112.8 10799
180 88.9 11688
190 64.7 12335
200 56.1 12896
210 46.4 13360
220 32.8 13688
230 23.8 13926
240 16.6 14092
250 7.6 14168
260 2.7 14195
270 0.9 14204
280 0.1 14205
290 0 14205
300 0 14205
310 0 14205
320 0 14205
330 0 14205
340 0 14205
350 0 14205
360 0 14205
370 0 14205
380 0 14205
390 0 14205
400 0 14205
410 0 14205
420 0 14205
430 0 14205
440 0 14205
450 0 14205
460 0 14205
470 0 14205
476 0 14205
