0 0.6 9.778 9.859674487527466 23.543 1.132 0 0
10 1 16.2043 13.06519082945213 36.196 1.132 9.778 6
20 1.1 1.253 0.11976719842336553 36.196 0.966 13.7944375 16
30 0.4 1.18175 0.061613208811098184 36.196 0.966 8.684962962962963 27
40 2.1 2.8176666666666663 2.961788847065769 36.196 0.966 7.716806451612904 31
50 1.7 11.06170588235294 11.271095263678085 36.957 0.966 5.738307692307692 52
60 3.3 19.293090909090903 15.129178373740684 76.478 0.892 7.049869565217392 69
70 4 20.144399999999997 10.01085580457535 76.478 0.892 11.010911764705881 102
80 3.8 18.37068421052632 10.260101836227099 76.478 0.892 13.583725352112674 142
90 6.2 13.39017741935484 10.884607134321492 76.478 0.839 14.594305555555556 180
100 7.6 17.440842105263155 11.493374395771896 76.478 0.839 14.285809917355373 242
110 6.8 17.108779411764708 10.577851267466137 76.478 0.839 15.039842767295598 318
120 4.4 19.448568181818178 13.712444733290015 76.478 0.839 15.40431865284974 386
130 0 0 0 76.478 0.839 15.818148837209302 430
140 0 0 0 76.478 0.839 15.818148837209302 430
150 0 0 0 76.478 0.839 15.818148837209302 430
160 0 0 0 76.478 0.839 15.818148837209302 430
170 0 0 0 76.478 0.839 15.818148837209302 430
180 0 0 0 76.478 0.839 15.818148837209302 430
190 0 0 0 76.478 0.839 15.818148837209302 430
200 0 0 0 76.478 0.839 15.818148837209302 430
210 0 0 0 76.478 0.839 15.818148837209302 430
220 0 0 0 76.478 0.839 15.818148837209302 430
230 0 0 0 76.478 0.839 15.818148837209302 430
240 0 0 0 76.478 0.839 15.818148837209302 430
250 0 0 0 76.478 0.839 15.818148837209302 430
260 0 0 0 76.478 0.839 15.818148837209302 430
270 0 0 0 76.478 0.839 15.818148837209302 430
280 0 0 0 76.478 0.839 15.818148837209302 430
290 0 0 0 76.478 0.839 15.818148837209302 430
300 0 0 0 76.478 0.839 15.818148837209302 430
310 0 0 0 76.478 0.839 15.818148837209302 430
320 0 0 0 76.478 0.839 15.818148837209302 430
330 0 0 0 76.478 0.839 15.818148837209302 430
340 0 0 0 76.478 0.839 15.818148837209302 430
350 0 0 0 76.478 0.839 15.818148837209302 430
360 0 0 0 76.478 0.839 15.818148837209302 430
370 0 0 0 76.478 0.839 15.818148837209302 430
380 0 0 0 76.478 0.839 15.818148837209302 430
390 0 0 0 76.478 0.839 15.818148837209302 430
400 0 0 0 76.478 0.839 15.818148837209302 430
410 0 0 0 76.478 0.839 15.818148837209302 430
420 0 0 0 76.478 0.839 15.818148837209302 430
430 0 0 0 76.478 0.839 15.818148837209302 430
440 0 0 0 76.478 0.839 15.818148837209302 430
450 0 0 0 76.478 0.839 15.818148837209302 430
460 0 0 0 76.478 0.839 15.818148837209302 430
470 0 0 0 76.478 0.839 15.818148837209302 430
476 0 0 0 76.478 0.839 15.818148837209302 430
