0 6 6
10 16 10
20 27 11
30 31 4
40 52 21
50 69 17
60 102 33
70 142 40
80 180 38
90 242 62
100 317 75
110 384 67
120 428 44
130 428 0
140 416 -12
150 401 -15
160 373 -28
170 338 -35
180 310 -28
190 280 -30
200 260 -20
210 235 -25
220 220 -15
230 209 -11
240 197 -12
250 183 -14
260 178 -5
270 172 -6
280 169 -3
290 166 -3
300 163 -3
310 155 -8
320 143 -12
330 137 -6
340 127 -10
350 114 -13
360 98 -16
370 92 -6
380 73 -19
390 66 -7
400 54 -12
410 46 -8
420 32 -14
430 25 -7
440 14 -11
450 5 -9
460 1 -4
470 1 0
476 0 -1
