0 0.1 4.272702871969222 0 4.272702871969222 4.272702871969222 0 0
10 0.1 7.577268195413758 0.0 7.577268195413758 4.272702871969222 4.272702871969222 1
20 0.1 1.9 0.0 7.577268195413758 1.9 5.9249855336914905 2
30 0.1 1.002004008016032 0.0 7.577268195413758 1.002004008016032 4.583323689127661 3
40 0.1 0.9045226130653266 0.0 7.577268195413758 0.9045226130653266 3.6879937688497537 4
50 0.1 0.9054325955734407 0.0 7.577268195413758 0.9045226130653266 3.1312995376928683 5
60 0.1 0.4012036108324975 0.0 7.577268195413758 0.4012036108324975 2.760321714006297 6
70 0.1 0.8008008008008007 0.0 7.577268195413758 0.4012036108324975 2.4233048421243253 7
80 0.1 0.6024096385542169 0.0 7.577268195413758 0.4012036108324975 2.220491836958885 8
90 0.1 0.4016064257028112 0.0 7.577268195413758 0.4012036108324975 2.040704926025033 9
100 0.1 2.8112449799196786 0.0 7.577268195413758 0.4012036108324975 1.876795075992811 10
110 0.1 3.842264914054601 0.0 7.577268195413758 0.4012036108324975 1.9617450672588896 11
120 0.1 4.540867810292633 0.0 7.577268195413758 0.4012036108324975 2.1184550544918657 12
130 0.1 3.4482758620689653 0.0 7.577268195413758 0.4012036108324975 2.3047944972457706 13
140 0.1 2.2357723577235773 0.0 7.577268195413758 0.4012036108324975 2.3864717375902846 14
150 0.1 2.5380710659898478 0.0 7.577268195413758 0.4012036108324975 2.3764251122658373 15
160 0.1 2.233502538071066 0.0 7.577268195413758 0.4012036108324975 2.386527984373588 16
170 0.1 2.129817444219067 0.0 7.577268195413758 0.4012036108324975 2.377526487532263 17
180 0.1 2.224469160768453 0.0 7.577268195413758 0.4012036108324975 2.3637648740148633 18
190 0.1 1.7154389505549947 0.0 7.577268195413758 0.4012036108324975 2.3564335206861045 19
200 0.1 1.9133937562940584 0.0 7.577268195413758 0.4012036108324975 2.324383792179549 20
210 0.1 1.5120967741935485 0.0 7.577268195413758 0.4012036108324975 2.304812838089764 21
220 0.1 3.5070140280561124 0.0 7.577268195413758 0.4012036108324975 2.268780289730845 22
230 0.1 1.306532663316583 0.0 7.577268195413758 0.4012036108324975 2.322616539223248 23
240 0.1 1.3052208835341366 0.0 7.577268195413758 0.4012036108324975 2.28027971106047 24
250 0.1 1.001001001001001 0.0 7.577268195413758 0.4012036108324975 2.2412773579594165 25
260 0.1 1.001001001001001 0.0 7.577268195413758 0.4012036108324975 2.1935744211533237 26
270 0.1 0.802407221664995 0.0 7.577268195413758 0.4012036108324975 2.149405035221756 27
280 0.1 0.7014028056112225 0.0 7.577268195413758 0.4012036108324975 2.1012979704518715 28
290 0.1 0.501002004008016 0.0 7.577268195413758 0.4012036108324975 2.053025723388401 29
300 0.1 0.5015045135406219 0.0 7.577268195413758 0.4012036108324975 2.001291599409055 30
310 0.1 0.8 0.0 7.577268195413758 0.4012036108324975 1.952911370832654 31
320 0.1 0.8008008008008007 0.0 7.577268195413758 0.4012036108324975 1.9168828904941335 32
330 0.1 0.5035246727089627 0.0 7.577268195413758 0.4012036108324975 1.883062221109487 33
340 0.1 2.7027027027027026 0.0 7.577268195413758 0.4012036108324975 1.8424875873330009 34
350 0.1 2.50501002004008 0.0 7.577268195413758 0.4012036108324975 1.8670651620578496 35
360 0.1 0.9036144578313252 0.0 7.577268195413758 0.4012036108324975 1.884785852557356 36
370 0.1 1.0999999999999999 0.0 7.577268195413758 0.4012036108324975 1.8582677067539497 37
380 0.1 0.501002004008016 0.0 7.577268195413758 0.4012036108324975 1.8383132934183193 38
390 0.1 0.8008008008008007 0.0 7.577268195413758 0.4012036108324975 1.8040232603565165 39
400 0.1 0.7014028056112225 0.0 7.577268195413758 0.4012036108324975 1.7789426988676236 40
410 0.1 0.9009009009009009 0.0 7.577268195413758 0.4012036108324975 1.7526612380564919 41
420 0.1 2.4024024024024024 0.0 7.577268195413758 0.4012036108324975 1.732381230028978 42
430 0.1 0.8991008991008992 0.0 7.577268195413758 0.4012036108324975 1.7479631177585926 43
440 0.1 0.7014028056112225 0.0 7.577268195413758 0.4012036108324975 1.7286707946072815 44
450 0.1 0.7007007007007007 0.0 7.577268195413758 0.4012036108324975 1.7058426170740357 45
460 0.1 4.3 0.0 7.577268195413758 0.4012036108324975 1.6839917058485285 46
470 0.1 4.0 0.0 7.577268195413758 0.4012036108324975 1.7396514567879215 47
476 0.1 4.004004004004004 0.0 7.577268195413758 0.4012036108324975 1.786742051438173 48
