0 0 0
10 0 0
20 0 0
30 0 0
40 0 0
50 0 0
60 0 0
70 0 0
80 0 0
90 0 0
100 0.1 1
110 0.1 2
120 0 2
130 0 2
140 1.2 14
150 1.6 30
160 2.8 58
170 3.4 92
180 2.9 121
190 2.9 150
200 2 170
210 2.5 195
220 1.5 210
230 1.1 221
240 1.2 233
250 1.5 248
260 0.4 252
270 0.7 259
280 0.2 261
290 0.3 264
300 0.3 267
310 0.9 276
320 1.1 287
330 0.6 293
340 1 303
350 1.3 316
360 1.6 332
370 0.6 338
380 1.9 357
390 0.8 365
400 1.2 377
410 0.7 384
420 1.4 398
430 0.7 405
440 1.2 417
450 0.8 425
460 0.4 429
470 0 429
476 0.1 430
