0 0.1 3503.7734375 0 3503.7734375 3503.7734375 0 0
10 0.1 3505.2421875 0.0 3505.2421875 3503.7734375 3503.7734375 1
20 0.1 3502.6484375 0.0 3505.2421875 3502.6484375 3504.5078125 2
30 0.1 3497.4453125 0.0 3505.2421875 3497.4453125 3503.8880208333335 3
40 0.1 3495.546875 0.0 3505.2421875 3495.546875 3502.27734375 4
50 0.1 3487.453125 0.0 3505.2421875 3487.453125 3500.93125 5
60 0.1 3486.58984375 0.0 3505.2421875 3486.58984375 3498.6848958333335 6
70 0.1 3486.25 0.0 3505.2421875 3486.25 3496.95703125 7
80 0.1 3482.2421875 0.0 3505.2421875 3482.2421875 3495.61865234375 8
90 0.1 3479.28125 0.0 3505.2421875 3479.28125 3494.132378472222 9
100 0.1 3469.40625 0.0 3505.2421875 3469.40625 3492.647265625 10
110 0.1 3457.48046875 0.0 3505.2421875 3457.48046875 3490.5344460227275 11
120 0.1 3455.2578125 0.0 3505.2421875 3455.2578125 3487.7799479166665 12
130 0.1 3445.38671875 0.0 3505.2421875 3445.38671875 3485.2782451923076 13
140 0.1 3439.97265625 0.0 3505.2421875 3439.97265625 3482.4288504464284 14
150 0.1 3439.02734375 0.0 3505.2421875 3439.02734375 3479.5984375 15
160 0.1 3438.57421875 0.0 3505.2421875 3438.57421875 3477.062744140625 16
170 0.1 3438.234375 0.0 3505.2421875 3438.234375 3474.798713235294 17
180 0.1 3437.890625 0.0 3505.2421875 3437.890625 3472.7673611111113 18
190 0.1 3437.42578125 0.0 3505.2421875 3437.42578125 3470.9317434210525 19
200 0.1 3436.59375 0.0 3505.2421875 3436.59375 3469.2564453125 20
210 0.1 3436.125 0.0 3505.2421875 3436.125 3467.7010788690477 21
220 0.1 3435.015625 0.0 3505.2421875 3435.015625 3466.265802556818 22
230 0.1 3434.79296875 0.0 3505.2421875 3434.79296875 3464.9070991847825 23
240 0.1 3434.6796875 0.0 3505.2421875 3434.6796875 3463.65234375 24
250 0.1 3434.578125 0.0 3505.2421875 3434.578125 3462.4934375 25
260 0.1 3434.23046875 0.0 3505.2421875 3434.23046875 3461.4197716346152 26
270 0.1 3433.5859375 0.0 3505.2421875 3433.5859375 3460.4127604166665 27
280 0.1 3437.01953125 0.0 3505.2421875 3433.5859375 3459.454659598214 28
290 0.1 3436.52734375 0.0 3505.2421875 3433.5859375 3458.6810344827586 29
300 0.1 3435.59375 0.0 3505.2421875 3433.5859375 3457.942578125 30
310 0.1 3435.3671875 0.0 3505.2421875 3433.5859375 3457.221648185484 31
320 0.1 3435.140625 0.0 3505.2421875 3433.5859375 3456.5386962890625 32
330 0.1 3435.3984375 0.0 3505.2421875 3433.5859375 3455.8902698863635 33
340 0.1 3434.92578125 0.0 3505.2421875 3433.5859375 3455.2875689338234 34
350 0.1 3434.45703125 0.0 3505.2421875 3433.5859375 3454.7058035714285 35
360 0.1 3434.35546875 0.0 3505.2421875 3433.5859375 3454.1433376736113 36
370 0.1 3434.49609375 0.0 3505.2421875 3433.5859375 3453.6085304054054 37
380 0.1 3434.73046875 0.0 3505.2421875 3433.5859375 3453.1055715460525 38
390 0.1 3434.7421875 0.0 3505.2421875 3433.5859375 3452.6344150641025 39
400 0.1 3434.6953125 0.0 3505.2421875 3433.5859375 3452.187109375 40
410 0.1 3434.50390625 0.0 3505.2421875 3433.5859375 3451.760480182927 41
420 0.1 3434.4921875 0.0 3505.2421875 3433.5859375 3451.349609375 42
430 0.1 3434.6328125 0.0 3505.2421875 3433.5859375 3450.9575763081393 43
440 0.1 3442.91015625 0.0 3505.2421875 3433.5859375 3450.5865589488635 44
450 0.1 3450.2109375 0.0 3505.2421875 3433.5859375 3450.415972222222 45
460 0.1 3450.296875 0.0 3505.2421875 3433.5859375 3450.411514945652 46
470 0.1 3449.76953125 0.0 3505.2421875 3433.5859375 3450.4090757978724 47
476 0.1 3449.515625 0.0 3505.2421875 3433.5859375 3450.395751953125 48
