0 1.5 361.4475333333333 533.4531906498597 1934.545 7.344 0 0
10 1.9 1402.6761578947371 882.4487780184996 2885.504 7.344 361.4475333333333 15
20 10.2 945.9363529411763 2096.444369541759 9695.464 7.049 943.3105882352943 34
30 15.8 109.46112658227852 117.53510037160697 9695.464 7.049 945.2799117647058 136
40 18.6 338.1261774193548 429.9810607324438 9695.464 7.049 496.09838775510207 294
50 4.8 3601.838416666666 2937.2433798262336 9695.464 7.049 434.88415625 480
60 5.8 10221.2219137931 3578.4609806122794 18785.971 7.049 722.7890890151515 528
70 4.1 11752.749146341463 3855.7998727984213 24693.248 7.049 1662.9070136518767 586
80 7.4 14066.642135135133 6927.730937971961 34282.207 1.612 2322.689354066985 627
90 37.3 3624.6045120643403 7493.336732335924 35739.467 0.534 3562.421887303851 701
100 76.2 1827.6786115485552 6173.332800887098 43544.698 0.528 3584.0179013035363 1074
110 115.9 1272.1941682484883 5486.934781534586 45486.364 0.528 2855.0796993464037 1836
120 147.1 407.4039034670294 3468.2189577187223 48712.227 0.487 2242.5373519198647 2995
130 138.7 709.5197527036759 5138.162839673233 60047.417 0.487 1638.085649574562 4466
140 141.9 727.2402727272714 5397.509546477908 60047.417 0.487 1418.0410743208597 5853
150 135.5 1528.2253239852403 8378.004922250731 60049.161 0.487 1283.243723184817 7272
160 123 1003.5933487804895 6989.514104581296 60049.161 0.487 1321.72176527182 8627
170 105.1 2819.798096098953 11759.230215109466 60113.703 0.487 1282.0242962361765 9857
180 87.5 3435.857721142856 10757.182254326051 101227.137 0.487 1430.1908037220383 10908
190 67 2822.8544626865696 7848.83763339156 101227.137 0.487 1579.130679198845 11783
200 57.8 2422.8887975778575 6746.216170984612 101227.137 0.487 1646.04587513049 12453
210 47.5 2984.4442568421064 7108.060344780402 101227.137 0.487 1680.5033388074587 13031
220 37.2 5190.257774193547 9542.019730519376 101227.137 0.487 1726.3623596919883 13506
230 29.5 5534.055837288136 9388.536326930269 101227.137 0.487 1819.2121286928948 13878
240 22.6 6576.776305309734 9162.708437540408 101227.137 0.487 1896.5337186199106 14173
250 16.7 10532.599616766469 10147.399880639876 101227.137 0.487 1969.9926271963327 14399
260 12 13777.941433333337 8916.70468930229 101227.137 0.487 2068.1633924893586 14566
270 9.6 14726.813437499999 6575.730670767363 101227.137 0.487 2163.844542217077 14686
280 9.6 16278.148114583333 5433.946425482186 101227.137 0.487 2245.43329975646 14782
290 9.7 17220.562804123707 6712.700830378101 101227.137 0.487 2335.979113859389 14878
300 8.9 17710.291999999998 6204.512306485584 101227.137 0.487 2432.3934456093484 14975
310 8.1 16627.480333333322 6013.578545218306 101227.137 0.487 2522.6571850770038 15064
320 11 16123.389290909088 5398.319597397715 101227.137 0.487 2598.094007461207 15145
330 9.1 13713.276472527466 6068.10428251842 101227.137 0.487 2695.6215381842007 15255
340 9.8 13654.41278571429 5221.1783399844735 101227.137 0.487 2760.954953994525 15346
350 10.5 11371.002761904765 4947.545720592412 101227.137 0.487 2830.079459790209 15444
360 10.8 9912.182685185186 3872.6111938467657 101227.137 0.487 2887.75499819924 15549
370 7.8 9835.803769230772 3654.18441922943 101227.137 0.487 2936.2086093759967 15657
380 9.9 9053.34186868687 3680.6879315787783 101227.137 0.487 2970.4106063552576 15735
390 9.5 6633.403378947367 3460.756553921092 101227.137 0.487 3008.443333080711 15834
400 8.6 6087.818348837208 3236.2775587838205 101227.137 0.487 3030.0624682654266 15929
410 7.9 4988.623037974682 3174.7455736175557 101227.137 0.487 3046.4825123321875 16015
420 7.2 4365.167958333333 3605.901549089001 101227.137 0.487 3056.0158229775056 16094
430 5.3 3465.9405283018864 2752.3023314563984 101227.137 0.487 3061.8465141655315 16166
440 7.1 1246.035859154929 1878.1048688294636 101227.137 0.487 3063.1670014180886 16219
450 2.7 1023.9463703703703 1265.408366159061 101227.137 0.487 3055.2470314303237 16290
460 1.7 1210.4727647058821 1428.1235535630221 101227.137 0.487 3051.8858058466617 16317
470 0.5 370.06000000000006 455.3995445597196 101227.137 0.487 3049.9693113138223 16334
476 0.1 146.792 0.0 101227.137 0.487 3049.1492154354596 16339
