10 0.1 1238 0 1238 1238 0 0
20 0.1 370.0 0.0 1238 370 1238.0 1
30 0.1 588.0 0.0 1238 370 804.0 2
40 0.1 1144.0 0.0 1238 370 732.0 3
50 0.1 1123.0 0.0 1238 370 835.0 4
60 0.1 299.0 0.0 1238 299 892.6 5
70 0.1 372.0 0.0 1238 299 793.6666666666666 6
80 0.1 321.0 0.0 1238 299 733.4285714285714 7
90 0.1 436.0 0.0 1238 299 681.875 8
100 0.1 829.0 0.0 1238 299 654.5555555555555 9
110 0.1 1423.0 0.0 1423 299 672.0 10
120 0.1 1716.0 0.0 1716 299 740.2727272727273 11
130 0.1 1799.0 0.0 1799 299 821.5833333333334 12
140 0.1 1706.0 0.0 1799 299 896.7692307692307 13
150 0.1 1675.0 0.0 1799 299 954.5714285714286 14
160 0.1 1656.0 0.0 1799 299 1002.6 15
170 0.1 1511.0 0.0 1799 299 1043.4375 16
180 0.1 1376.0 0.0 1799 299 1070.9411764705883 17
190 0.1 1385.0 0.0 1799 299 1087.888888888889 18
200 0.1 1205.0 0.0 1799 299 1103.5263157894738 19
210 0.1 1035.0 0.0 1799 299 1108.6 20
220 0.1 1.3e3 0.0 1799 299 1105.095238095238 21
230 0.1 879.0 0.0 1799 299 1113.9545454545455 22
240 0.1 903.0 0.0 1799 299 1103.7391304347825 23
250 0.1 651.0 0.0 1799 299 1095.3749999999998 24
260 0.1 618.0 0.0 1799 299 1077.5999999999997 25
270 0.1 560.0 0.0 1799 299 1059.9230769230767 26
280 0.1 534.0 0.0 1799 299 1041.4074074074072 27
290 0.1 474.0 0.0 1799 299 1023.285714285714 28
300 0.1 678.0 0.0 1799 299 1004.3448275862066 29
310 0.1 682.0 0.0 1799 299 993.4666666666665 30
320 0.1 448.0 0.0 1799 299 983.4193548387094 31
330 0.1 636.0 0.0 1799 299 966.6874999999998 32
340 0.1 816.0 0.0 1799 299 956.6666666666664 33
350 0.1 1044.0 0.0 1799 299 952.5294117647056 34
360 0.1 714.0 0.0 1799 299 955.1428571428569 35
370 0.1 716.0 0.0 1799 299 948.4444444444442 36
380 0.1 496.0 0.0 1799 299 942.162162162162 37
390 0.1 599.0 0.0 1799 299 930.4210526315787 38
400 0.1 625.0 0.0 1799 299 921.9230769230768 39
410 0.1 585.0 0.0 1799 299 914.4999999999998 40
420 0.1 763.0 0.0 1799 299 906.4634146341461 41
430 0.1 652.0 0.0 1799 299 903.0476190476189 42
440 0.1 438.0 0.0 1799 299 897.2093023255812 43
450 0.1 446.0 0.0 1799 299 886.7727272727271 44
460 0.1 813.0 0.0 1799 299 876.9777777777776 45
470 0.1 761.0 0.0 1799 299 875.586956521739 46
476 0.1 489.0 0.0 1799 299 873.1489361702127 47
