0 1.5 361.4475333333333 533.4531906498597 1934.545 7.344 0 0
10 1.9 1402.6761578947371 882.4487780184996 2885.504 7.344 361.4475333333333 15
20 10.2 945.9363529411763 2096.444369541759 9695.464 7.049 943.3105882352943 34
30 17.2 100.54647093023257 99.38798827659086 9695.464 7.049 945.2799117647058 136
40 20 314.4532599999999 396.7826159513826 9695.464 7.049 473.5456525974026 308
50 5.3 3766.473547169811 2878.3436547933593 9695.464 7.049 410.91085236220465 508
60 5.9 10142.325101694916 3360.6937387138632 18548.569 7.049 727.9247967914437 561
70 4.3 11186.104558139536 2541.7085253639034 18548.569 7.049 1623.8112774193548 620
80 7.4 13821.83063513513 6476.177034013219 31060.911 1.612 2243.990177978884 663
90 37.7 3640.9851007957477 7511.967981030536 35739.467 0.534 3406.4870488466754 737
100 78.6 1754.915099236642 5987.862055550145 35739.467 0.493 3485.8459048473937 1114
110 122.1 1207.6390917280903 5353.093090254259 45486.364 0.493 2769.78716105263 1900
120 159.9 361.8610631644787 3177.272838175999 45486.364 0.482 2158.6424021147054 3121
130 155.1 634.484369439071 4863.82099720518 60047.417 0.482 1549.9446561440673 4720
140 158 691.1896626582262 5333.209814356452 60047.417 0.482 1323.524802104927 6271
150 151.8 1391.4246976284594 7995.865769290946 60049.161 0.482 1196.2684627435988 7851
160 136.2 943.031961820854 6780.462073509393 60049.161 0.477 1227.8883970541142 9369
170 119.1 2642.5970554156147 11301.093205268067 60113.703 0.477 1191.733848103625 10731
180 98.7 3101.030772036467 9684.088548100528 60113.703 0.477 1336.6741332830059 11922
190 74.8 2265.5568957219275 5805.240360420045 60113.703 0.477 1471.5738158648994 12909
200 64.8 2175.173629629631 5539.698109895792 60113.703 0.477 1515.060624368455 13657
210 54.3 2794.932134438309 6786.575291694247 60113.703 0.477 1544.9629821041588 14305
220 42.3 4244.6308912529585 7960.152494652143 60113.703 0.477 1590.675081357758 14848
230 32.8 4918.637743902436 8080.791676339171 60113.703 0.477 1664.1884928950294 15271
240 25.9 6517.247104247102 8825.063178588229 60113.703 0.477 1732.6197612026408 15599
250 18.2 8993.96086263737 7830.4792918356525 60113.703 0.477 1810.7644504351113 15858
260 13 12246.090407692314 6479.254187021672 60113.703 0.477 1892.2695468827926 16040
270 10.9 13809.40248623853 4941.61065268361 60113.703 0.477 1975.5099124922695 16170
280 11.1 14598.6792972973 2736.2301010986585 60113.703 0.477 2054.746615639781 16279
290 11.2 14898.967821428576 2684.14079412032 60113.703 0.477 2139.699423917022 16390
300 9.9 15048.151060606066 2459.952266029398 60113.703 0.477 2226.297294509756 16502
310 9.1 14738.751868131867 2668.1078563951532 60113.703 0.477 2302.7603703993727 16601
320 12.2 14250.943754098353 2373.091527795198 60113.703 0.477 2370.5578318356092 16692
330 11.3 11596.720513274337 3030.3962979021335 60113.703 0.477 2456.7602276079447 16814
340 11.2 11302.88046428572 2386.884036789585 60113.703 0.477 2517.776090565368 16927
350 11.8 9557.770669491536 2349.122817004196 60113.703 0.477 2575.521949468865 17039
360 12.6 8335.632857142857 2375.4928807582614 60113.703 0.477 2623.5434770647544 17157
370 8.3 8620.435879518069 2314.4513868695267 60113.703 0.477 2665.186899033732 17283
380 11.5 7934.0466956521705 2932.2001818577096 60113.703 0.477 2693.649738224116 17366
390 10.9 5622.19199082569 2400.5049027469754 60113.703 0.477 2728.1240617813623 17481
400 9.7 5373.311340206185 2749.079998278085 60113.703 0.477 2746.0577402501417 17590
410 9.1 4025.359307692307 2427.100631632571 60113.703 0.477 2760.466266240742 17687
420 8.3 3806.221385542169 2739.540049546656 60113.703 0.477 2766.940856564293 17778
430 6.1 3022.2518196721303 2377.849092946179 60113.703 0.477 2771.7703892839145 17861
440 7.9 998.233822784811 1308.8693730514792 60113.703 0.477 2772.6229373953797 17922
450 3 921.5456333333335 1137.893101835859 60113.703 0.477 2764.835773345925 18001
460 2.2 935.3499545454542 1063.3959930658893 60113.703 0.477 2761.76890494149 18031
470 0.6 308.3685 367.28278792176377 60113.703 0.477 2759.543168670027 18053
476 0.1 146.792 0.0 60113.703 0.477 2758.7287798327707 18059
