10 0.1 951 0 951 951 0 0
20 0.1 300.0 0.0 951 300 951.0 1
30 0.1 452.0 0.0 951 300 625.5 2
40 0.1 691.0 0.0 951 300 567.6666666666666 3
50 0.1 831.0 0.0 951 300 598.5 4
60 0.1 253.0 0.0 951 253 645.0 5
70 0.1 385.0 0.0 951 253 579.6666666666666 6
80 0.1 338.0 0.0 951 253 551.8571428571429 7
90 0.1 452.0 0.0 951 253 525.125 8
100 0.1 1116.0 0.0 1116 253 517.0 9
110 0.1 2124.0 0.0 2124 253 576.9 10
120 0.1 2811.0 0.0 2811 253 717.5454545454545 11
130 0.1 3354.0 0.0 3354 253 892.0 12
140 0.1 3187.0 0.0 3354 253 1081.3846153846155 13
150 0.1 3121.0 0.0 3354 253 1231.7857142857142 14
160 0.1 3077.0 0.0 3354 253 1357.7333333333333 15
170 0.1 2808.0 0.0 3354 253 1465.1875 16
180 0.1 2422.0 0.0 3354 253 1544.1764705882354 17
190 0.1 2045.0 0.0 3354 253 1592.9444444444443 18
200 0.1 1607.0 0.0 3354 253 1616.7368421052631 19
210 0.1 1460.0 0.0 3354 253 1616.25 20
220 0.1 1442.0 0.0 3354 253 1608.8095238095239 21
230 0.1 953.0 0.0 3354 253 1601.2272727272727 22
240 0.1 864.0 0.0 3354 253 1573.0434782608695 23
250 0.1 658.0 0.0 3354 253 1543.5 24
260 0.1 503.0 0.0 3354 253 1508.08 25
270 0.1 414.0 0.0 3354 253 1469.423076923077 26
280 0.1 403.0 0.0 3354 253 1430.3333333333333 27
290 0.1 356.0 0.0 3354 253 1393.642857142857 28
300 0.1 408.0 0.0 3354 253 1357.8620689655172 29
310 0.1 410.0 0.0 3354 253 1326.2 30
320 0.1 305.0 0.0 3354 253 1296.6451612903227 31
330 0.1 408.0 0.0 3354 253 1265.65625 32
340 0.1 541.0 0.0 3354 253 1239.6666666666667 33
350 0.1 650.0 0.0 3354 253 1219.1176470588234 34
360 0.1 452.0 0.0 3354 253 1202.857142857143 35
370 0.1 466.0 0.0 3354 253 1182.0 36
380 0.1 303.0 0.0 3354 253 1162.6486486486488 37
390 0.1 407.0 0.0 3354 253 1140.026315789474 38
400 0.1 399.0 0.0 3354 253 1121.2307692307695 39
410 0.1 381.0 0.0 3354 253 1103.1750000000004 40
420 0.1 522.0 0.0 3354 253 1085.5609756097565 41
430 0.1 370.0 0.0 3354 253 1072.1428571428576 42
440 0.1 275.0 0.0 3354 253 1055.8139534883724 43
450 0.1 311.0 0.0 3354 253 1038.0681818181822 44
460 0.1 553.0 0.0 3354 253 1021.9111111111114 45
470 0.1 511.0 0.0 3354 253 1011.7173913043481 46
476 0.1 422.0 0.0 3354 253 1001.0638297872343 47
