100 0.1 103143.181 0 103143.181 103143.181 0 0
110 0.1 112283.391 0.0 112283.391 103143.181 103143.181 1
120 0 0 0 112283.391 103143.181 107713.286 2
130 0 0 0 112283.391 103143.181 107713.286 2
140 1.2 102976.13566666667 28302.80494526174 140942.059 45448.176 107713.286 2
150 1.6 72773.7164375 28084.849326398835 150199.969 45448.176 103652.87142857142 14
160 2.8 80841.79210714283 24321.154147946494 150199.969 42340.775 87183.98876666666 30
170 3.4 91834.19082352945 32646.21233732259 164612.226 42340.775 84122.23865517239 58
180 2.9 90621.50503448276 28395.503828058543 171973.831 42340.775 86972.30793478261 92
190 2.9 107856.60196551723 28265.504903246867 178359.744 42340.775 87846.90889256199 121
200 2 112604.82255000001 22017.98468856354 178359.744 42340.775 91715.44955333332 150
210 2.5 119151.38476000002 31477.639735141274 207173.535 42340.775 94173.02284705882 170
220 1.5 139404.48459999997 32944.23308698168 211497.298 42340.775 97375.37693846153 195
230 1.1 157013.41245454547 28035.602677476527 225768.529 42340.775 100377.45605714286 210
240 1.2 135042.5465 12228.404480317953 225768.529 42340.775 103196.4403122172 221
250 1.5 190318.60399999996 27717.98838675049 225820.66 42340.775 104836.58312017166 233
260 0.4 184593.4995 27686.310537521167 225820.66 42340.775 110006.86664112902 248
270 0.7 187730.36885714284 37627.138427033235 259749.536 42340.775 111190.78144841269 252
280 0.2 198507.7775 26116.038499999995 259749.536 42340.775 113259.41894594593 259
290 0.3 205603.43633333335 22816.701974688196 259749.536 42340.775 113912.66307279692 261
300 0.3 206246.78466666667 18673.34041119014 259749.536 42340.775 114954.60367803028 264
310 0.9 230290.66011111112 28279.714351004735 288466.949 42340.775 115980.35852059923 267
320 1.1 228587.4840909091 23675.775859058987 288466.949 42340.775 119707.86835507244 276
330 0.6 234287.68499999997 22514.27451463225 288466.949 42340.775 123880.95467247386 287
340 1 247434.54690000002 10569.89896125178 288466.949 42340.775 126141.84334812286 293
350 1.3 256919.14961538464 15883.287203987902 288466.949 42340.775 130144.90287128711 303
360 1.6 271310.7790625 25950.773361195254 340206.499 42340.775 135360.29909810124 316
370 0.6 278490.17116666667 17690.409328560694 340206.499 42340.775 141912.1294578313 332
380 1.9 285616.00805263175 19009.916640079096 340206.499 42340.775 144336.59173668636 338
390 0.8 304391.099 17503.634784950325 340206.499 42340.775 151855.6643137255 357
400 1.2 311673.7168333333 23767.670291567938 373700.466 42340.775 155198.90671780822 365
410 0.7 323146.4601428571 21137.8851755702 373700.466 42340.775 160179.5372785146 377
420 1.4 322243.79721428565 16957.81311001516 373700.466 42340.775 163150.2884765625 384
430 0.7 357408.2581428572 33344.516009273735 414445.481 42340.775 168746.54255276383 398
440 1.2 356576.7434166666 21279.467404248448 414445.481 42340.775 172007.36232839507 405
450 0.8 370603.75599999994 30602.40070340138 414445.481 42340.775 177318.71142446043 417
460 0.4 367713.19875000004 30938.793522100237 421293.003 42340.775 180957.01814588235 425
470 0 0 0 421293.003 42340.775 182698.3345151515 429
476 0.1 381602.806 0.0 421293.003 42340.775 182698.3345151515 429
