0 7.0890625 7.0890625
10 14.3203125 21.409375
20 54.934375 76.34375
30 126.26015625 202.60390625
40 138.0109375 340.61484375
50 54.97265625 395.5875
60 35.3234375 430.9109375
70 40.63046875 471.54140625
80 34.89375 506.43515625
90 157.784375 664.21953125
100 301.525 965.74453125
110 474.10078125 1439.8453125
120 593.1921875 2033.0375
130 591.396875 2624.434375
140 616.22109375 3240.65546875
150 606.10234375 3846.7578125
160 562.74296875 4409.50078125
170 500.8203125 4910.32109375
180 440.01171875 5350.3328125
190 357.3421875 5707.675
200 317.85546875 6025.53046875
210 280.2796875 6305.81015625
220 216.0375 6521.84765625
230 180.69921875 6702.546875
240 134.40234375 6836.94921875
250 105.09453125 6942.04375
260 72.29765625 7014.34140625
270 66.28125 7080.62265625
280 63.99921875 7144.621875
290 62.0734375 7206.6953125
300 57.51953125 7264.21484375
310 56.928125 7321.14296875
320 63.22109375 7384.3640625
330 69.128125 7453.4921875
340 65.265625 7518.7578125
350 68.4328125 7587.190625
360 69.921875 7657.1125
370 59.1078125 7716.2203125
380 67.18671875 7783.40703125
390 68.075 7851.48203125
400 61.73515625 7913.2171875
410 57.215625 7970.4328125
420 46.47265625 8016.90546875
430 37.01328125 8053.91875
440 52.52421875 8106.44296875
450 18.38203125 8124.825
460 11.16796875 8135.99296875
470 4.209375 8140.20234375
476 0.5546875 8140.75703125
