0 27.39375 27.39375
10 28.8625 56.25625
20 102.925 159.18125
30 876.92421875 1036.10546875
40 940.846875 1976.95234375
50 169.48125 2146.43359375
60 96.1296875 2242.56328125
70 77.003125 2319.56640625
80 120.3765625 2439.94296875
90 188.38125 2628.32421875
100 296.10703125 2924.43125
110 395.49921875 3319.93046875
120 418.41875 3738.34921875
130 418.8234375 4157.17265625
140 423.57890625 4580.7515625
150 429.2765625 5010.028125
160 368.259375 5378.2875
170 340.05625 5718.34375
180 397.83984375 6116.18359375
190 474.39375 6590.57734375
200 390.25859375 6980.8359375
210 409.04765625 7389.88359375
220 522.00390625 7911.8875
230 499.83671875 8411.72421875
240 276.19765625 8687.921875
250 412.559375 9100.48125
260 320.15546875 9420.63671875
270 277.5203125 9698.15703125
280 404.01796875 10102.175
290 519.03125 10621.20625
300 514.728125 11135.934375
310 332.4984375 11468.4328125
320 422.41953125 11890.85234375
330 398.04453125 12288.896875
340 629.84375 12918.740625
350 558.609375 13477.35
360 482.32421875 13959.67421875
370 455.553125 14415.22734375
380 374.778125 14790.00546875
390 517.85703125 15307.8625
400 424.25625 15732.11875
410 333.5234375 16065.6421875
420 665.0265625 16730.66875
430 277.959375 17008.628125
440 371.6390625 17380.2671875
450 240.97265625 17621.23984375
460 332.0296875 17953.26953125
470 78.5265625 18031.79609375
476 0.1109375 18031.90703125
