0 6 6
10 16 16
20 27 27
30 31 31
40 53 53
50 70 70
60 103 103
70 142 142
80 182 182
90 245 245
100 319 319
110 385 385
120 428 428
130 428 428
140 416 428
150 400 428
160 372 428
170 338 428
180 309 428
190 280 428
200 260 428
210 235 428
220 220 428
230 209 428
240 197 428
250 182 428
260 178 428
270 171 428
280 169 428
290 166 428
300 163 428
310 154 428
320 143 428
330 137 428
340 127 428
350 114 428
360 98 428
370 92 428
380 73 428
390 65 428
400 53 428
410 46 428
420 32 428
430 25 428
440 13 428
450 5 428
460 1 428
470 1 428
476 0 428
