0 0.5 3.6980000000000004 4.4608089849263886 12.619 1.411 0 0
10 1.3 1.473076923076923 0.5279547564442155 12.619 1.04 3.6980000000000004 5
20 0.9 2.8842222222222222 3.489967773737803 12.619 1.019 2.091111111111111 18
30 1.3 1.391153846153846 0.18208740342266153 12.619 0.96 2.3554814814814815 27
40 1.9 1.4571052631578947 0.2072135676153424 12.619 0.96 2.0420749999999996 40
50 0.4 1.4677499999999999 0.048643473354603305 12.619 0.96 1.8536949152542372 59
60 1.1 2.703545454545454 2.761015470755654 12.619 0.96 1.829190476190476 63
70 0.8 1.3602500000000002 0.04147514315828219 12.619 0.96 1.959162162162162 74
80 0.9 1.417888888888889 0.19709019054706037 12.619 0.96 1.900731707317073 82
90 1.1 1.4460000000000002 0.16165001476253346 12.619 0.96 1.8529780219780219 91
100 1.3 1.4224615384615382 0.20828996629499852 12.619 0.96 1.8090882352941176 102
110 1.3 1.8326153846153845 1.4707064518304194 12.619 0.96 1.765382608695652 115
120 1.6 2.545062499999999 3.2587909465925775 12.931 0.912 1.7722109374999997 128
130 0.9 1.713888888888889 0.44135484450205387 12.931 0.912 1.858083333333333 144
140 0.8 1.5029999999999997 0.13268383473505735 12.931 0.912 1.8496013071895423 153
150 1.3 1.5772307692307694 0.1922603018530842 12.931 0.912 1.8323788819875775 161
160 1 1.8125 1.1270851121366123 12.931 0.912 1.813316091954023 174
170 1.1 1.391 0.09247702417357516 12.931 0.912 1.8132717391304347 184
180 1.1 3.924727272727274 6.452965605629555 24.051 0.912 1.789451282051282 195
190 1.2 1.5243333333333335 0.1423834806273382 24.051 0.912 1.903470873786408 206
200 1.2 1.51525 0.3128855288546702 24.051 0.912 1.8826009174311928 218
210 0.6 1.2714999999999999 0.1058517044422684 24.051 0.912 1.8634347826086959 230
