0 0.1 1.0217826986890954 0 1.0217826986890954 1.0217826986890954 0 0
10 0.1 1.1988011988011988 0.0 1.1988011988011988 1.0217826986890954 1.0217826986890954 1
20 0.1 4.790419161676647 0.0 4.790419161676647 1.0217826986890954 1.110291948745147 2
30 0.1 1.7034068136272544 0.0 4.790419161676647 1.0217826986890954 2.337001019722314 3
40 0.1 0.2004008016032064 0.0 4.790419161676647 0.2004008016032064 2.178602468198549 4
50 0.1 0.3 0.0 4.790419161676647 0.2004008016032064 1.7829621348794806 5
60 0.1 0.2 0.0 4.790419161676647 0.2 1.535801779066234 6
70 0.1 0.3 0.0 4.790419161676647 0.2 1.3449729534853432 7
80 0.1 0.2 0.0 4.790419161676647 0.2 1.2143513342996755 8
90 0.1 0.3 0.0 4.790419161676647 0.2 1.1016456304886004 9
100 0.1 0.10030090270812438 0.0 4.790419161676647 0.10030090270812438 1.0214810674397405 10
110 0.1 0.2997002997002997 0.0 4.790419161676647 0.10030090270812438 0.9377374161005027 11
120 0.1 1.903807615230461 0.0 4.790419161676647 0.10030090270812438 0.8845676564004857 12
130 0.1 0.3003003003003003 0.0 4.790419161676647 0.10030090270812438 0.9629707301566377 13
140 0.1 1.903807615230461 0.0 4.790419161676647 0.10030090270812438 0.9156371280240422 14
150 0.1 0.499001996007984 0.0 4.790419161676647 0.10030090270812438 0.9815151605044701 15
160 0.1 0.2004008016032064 0.0 4.790419161676647 0.10030090270812438 0.9513580877234397 16
170 0.1 2.095808383233533 0.0 4.790419161676647 0.10030090270812438 0.9071841297163672 17
180 0.1 0.3003003003003003 0.0 4.790419161676647 0.10030090270812438 0.9732188104673207 18
190 0.1 0.3 0.0 4.790419161676647 0.10030090270812438 0.9378020467743197 19
200 0.1 0.3 0.0 4.790419161676647 0.10030090270812438 0.9059119444356037 20
210 0.1 0.30060120240480964 0.0 4.790419161676647 0.10030090270812438 0.877058994700575 21
