0 0.1 3516.6171875 0 3516.6171875 3516.6171875 0 0
10 0.1 3517.703125 0.0 3517.703125 3516.6171875 3516.6171875 1
20 0.1 3516.640625 0.0 3517.703125 3516.6171875 3517.16015625 2
30 0.1 3516.0 0.0 3517.703125 3516.0 3516.9869791666665 3
40 0.1 3515.984375 0.0 3517.703125 3515.984375 3516.740234375 4
50 0.1 3515.98828125 0.0 3517.703125 3515.984375 3516.5890625 5
60 0.1 3515.99609375 0.0 3517.703125 3515.984375 3516.4889322916665 6
70 0.1 3515.99609375 0.0 3517.703125 3515.984375 3516.418526785714 7
80 0.1 3515.99609375 0.0 3517.703125 3515.984375 3516.36572265625 8
90 0.1 3515.88671875 0.0 3517.703125 3515.88671875 3516.324652777778 9
100 0.1 3515.890625 0.0 3517.703125 3515.88671875 3516.280859375 10
110 0.1 3515.8984375 0.0 3517.703125 3515.88671875 3516.2453835227275 11
120 0.1 3515.66015625 0.0 3517.703125 3515.66015625 3516.2164713541665 12
130 0.1 3515.65625 0.0 3517.703125 3515.65625 3516.1736778846152 13
140 0.1 3515.7890625 0.0 3517.703125 3515.65625 3516.13671875 14
150 0.1 3515.796875 0.0 3517.703125 3515.65625 3516.1135416666666 15
160 0.1 3515.80859375 0.0 3517.703125 3515.65625 3516.09375 16
170 0.1 3515.57421875 0.0 3517.703125 3515.57421875 3516.076976102941 17
180 0.1 3515.5625 0.0 3517.703125 3515.5625 3516.0490451388887 18
190 0.1 3515.58984375 0.0 3517.703125 3515.5625 3516.0234375 19
200 0.1 3515.59765625 0.0 3517.703125 3515.5625 3516.0017578125 20
210 0.1 3515.609375 0.0 3517.703125 3515.5625 3515.9825148809523 21
