0 0.1 0.078125 0 0.078125 0.078125 0 0
10 0.1 0.2109375 0.0 0.2109375 0.078125 0.078125 1
20 0.1 0.1796875 0.0 0.2109375 0.078125 0.14453125 2
30 0.1 0.1484375 0.0 0.2109375 0.078125 0.15625 3
40 0.1 0.12890625 0.0 0.2109375 0.078125 0.154296875 4
50 0.1 0.109375 0.0 0.2109375 0.078125 0.14921875 5
60 0.1 0.08984375 0.0 0.2109375 0.078125 0.142578125 6
70 0.1 0.078125 0.0 0.2109375 0.078125 0.13504464285714285 7
80 0.1 0.05859375 0.0 0.2109375 0.05859375 0.1279296875 8
90 0.1 0.05078125 0.0 0.2109375 0.05078125 0.12022569444444445 9
100 0.1 0.05078125 0.0 0.2109375 0.05078125 0.11328125 10
110 0.1 0.0390625 0.0 0.2109375 0.0390625 0.10759943181818182 11
120 0.1 0.03125 0.0 0.2109375 0.03125 0.10188802083333333 12
130 0.1 0.03125 0.0 0.2109375 0.03125 0.09645432692307693 13
140 0.1 0.01953125 0.0 0.2109375 0.01953125 0.091796875 14
150 0.1 0.01953125 0.0 0.2109375 0.01953125 0.08697916666666666 15
160 0.1 0.01953125 0.0 0.2109375 0.01953125 0.082763671875 16
170 0.1 0.08984375 0.0 0.2109375 0.01953125 0.07904411764705882 17
180 0.1 0.078125 0.0 0.2109375 0.01953125 0.07964409722222222 18
190 0.1 0.0703125 0.0 0.2109375 0.01953125 0.0795641447368421 19
200 0.1 0.05859375 0.0 0.2109375 0.01953125 0.0791015625 20
210 0.1 0.05078125 0.0 0.2109375 0.01953125 0.078125 21
