10 0.1 136 0 136 136 0 0
20 0.1 294.0 0.0 294 136 136.0 1
30 0.1 147.0 0.0 294 136 215.0 2
40 0.1 79.0 0.0 294 79 192.33333333333334 3
50 0.1 108.0 0.0 294 79 164.0 4
60 0.1 13.0 0.0 294 13 152.8 5
70 0.1 79.0 0.0 294 13 129.5 6
80 0.1 56.0 0.0 294 13 122.28571428571429 7
90 0.1 54.0 0.0 294 13 114.0 8
100 0.1 94.0 0.0 294 13 107.33333333333333 9
110 0.1 85.0 0.0 294 13 106.0 10
120 0.1 159.0 0.0 294 13 104.0909090909091 11
130 0.1 96.0 0.0 294 13 108.66666666666667 12
140 0.1 147.0 0.0 294 13 107.6923076923077 13
150 0.1 54.0 0.0 294 13 110.5 14
160 0.1 75.0 0.0 294 13 106.73333333333333 15
170 0.1 167.0 0.0 294 13 104.75 16
180 0.1 49.0 0.0 294 13 108.41176470588235 17
190 0.1 82.0 0.0 294 13 105.11111111111111 18
200 0.1 54.0 0.0 294 13 103.89473684210526 19
210 0.1 73.0 0.0 294 13 101.4 20
