0 0.5 13.095400000000001 5.631267587319927 20.719 7.698 0 0
10 1.3 8.35023076923077 2.1954154733425097 20.719 7.024 13.095400000000001 5
20 0.9 10.325666666666669 7.145587154165694 30.353 6.829 9.668333333333333 18
30 1.3 8.400384615384615 1.3005344782027437 30.353 6.749 9.887444444444444 27
40 1.9 7.633631578947368 0.824270344673417 30.353 6.749 9.40415 40
50 0.4 8.336 1.6201793110640563 30.353 6.749 8.833983050847456 59
60 1.1 8.615454545454547 2.7331659751895576 30.353 6.749 8.80236507936508 63
70 0.8 8.21825 1.545879098603769 30.353 6.749 8.774581081081081 74
80 0.9 8.07611111111111 1.56645483989552 30.353 6.251 8.720304878048779 82
90 1.1 7.674181818181818 0.6345593772893005 30.353 6.251 8.656593406593403 91
100 1.3 7.659461538461539 0.8631002807753896 30.353 6.251 8.550647058823527 102
110 1.3 7.715384615384617 1.6645226868829184 30.353 6.251 8.449904347826084 115
120 1.6 8.629125000000002 3.208944761814233 30.353 6.251 8.375304687499998 128
130 0.9 8.636333333333333 1.5434394491956376 30.353 6.251 8.403506944444443 144
140 0.8 7.5635 0.3554511218156442 30.353 6.251 8.417202614379084 153
150 1.3 7.754 0.30861153076817605 30.353 6.251 8.374782608695652 161
160 1 8.3713 1.2442673386374814 30.353 6.251 8.328402298850573 174
170 1.1 7.359545454545455 0.20064140950115827 30.353 6.251 8.330733695652173 184
180 1.1 10.646727272727274 6.2705720790329105 30.353 6.251 8.275948717948717 195
190 1.2 7.815333333333334 0.8275430838062483 30.353 6.251 8.402543689320387 206
200 1.2 7.791666666666668 1.0152399004942407 30.353 6.251 8.370220183486238 218
210 0.6 8.199666666666667 2.020832804123642 30.353 6.251 8.340034782608695 230
