10 0.1 197 0 197 197 0 0
20 0.1 570.0 0.0 570 197 197.0 1
30 0.1 250.0 0.0 570 197 383.5 2
40 0.1 102.0 0.0 570 102 339.0 3
50 0.1 138.0 0.0 570 102 279.75 4
60 0.1 16.0 0.0 570 16 251.4 5
70 0.1 97.0 0.0 570 16 212.16666666666666 6
80 0.1 69.0 0.0 570 16 195.71428571428572 7
90 0.1 67.0 0.0 570 16 179.875 8
100 0.1 111.0 0.0 570 16 167.33333333333334 9
110 0.1 105.0 0.0 570 16 161.7 10
120 0.1 267.0 0.0 570 16 156.54545454545453 11
130 0.1 120.0 0.0 570 16 165.74999999999997 12
140 0.1 244.0 0.0 570 16 162.2307692307692 13
150 0.1 68.0 0.0 570 16 168.07142857142853 14
160 0.1 96.0 0.0 570 16 161.39999999999998 15
170 0.1 284.0 0.0 570 16 157.31249999999997 16
180 0.1 62.0 0.0 570 16 164.76470588235293 17
190 0.1 100.0 0.0 570 16 159.05555555555554 18
200 0.1 68.0 0.0 570 16 155.94736842105263 19
210 0.1 92.0 0.0 570 16 151.55 20
