0 0.5 17.0972 9.31240210472035 33.993 9.539 0 0
10 1.5 10.055399999999999 2.122134548043549 33.993 8.767 17.0972 5
20 0.8 12.654 7.49827468488585 33.993 8.767 11.815850000000001 20
30 1.3 10.240923076923073 1.286716361162335 33.993 8.732 12.055321428571428 28
40 1.8 9.474611111111113 0.8342645556209565 33.993 8.732 11.480024390243901 41
50 0.4 10.182 1.61481469525144 33.993 8.732 10.868203389830509 59
60 1.1 10.462181818181817 2.752270329553793 33.993 8.732 10.82463492063492 63
70 0.9 10.084555555555555 1.479809305365699 33.993 8.732 10.770756756756755 74
80 0.8 9.867 1.652715568390399 33.993 8.229 10.69634939759036 83
90 1.2 9.529666666666666 0.6059025407513062 33.993 8.229 10.623439560439559 91
100 1.2 9.512749999999999 0.8985586722635311 33.993 8.229 10.496009708737864 103
110 1.3 9.532923076923078 1.691051400826328 33.993 8.194 10.393408695652173 115
120 1.7 10.413235294117651 3.1283082917394975 33.993 8.194 10.306015625 128
130 0.8 10.636625 1.5625747932099123 33.993 8.194 10.318586206896553 145
140 0.8 9.380625 0.36299274700054246 33.993 8.194 10.33521568627451 153
150 1.3 9.59023076923077 0.3197677411560206 33.993 8.194 10.287782608695654 161
160 1.1 10.104727272727272 1.240338230330677 33.993 8.194 10.235666666666669 174
170 1 9.226299999999998 0.18500002702702517 33.993 8.194 10.227881081081083 185
180 1.1 12.445363636363634 6.2854524140738475 33.993 8.194 10.176517948717951 195
190 1.2 9.642333333333335 0.8338827189052959 33.993 8.194 10.297669902912624 206
200 1.2 9.635833333333334 1.0135400693718146 33.993 8.194 10.261596330275232 218
210 0.6 10.039666666666667 1.9988362169578133 33.993 8.194 10.22894782608696 230
