0 0.69140625 0.69140625
10 1.79765625 2.4890625
20 1.24453125 3.73359375
30 1.79765625 5.53125
40 2.62734375 8.15859375
50 0.553125 8.71171875
60 1.52109375 10.2328125
70 1.10625 11.3390625
80 1.24453125 12.58359375
90 1.52109375 14.1046875
100 1.79765625 15.90234375
110 1.79765625 17.7
120 2.2125 19.9125
130 1.24453125 21.15703125
140 1.10625 22.26328125
150 1.79765625 24.0609375
160 1.3828125 25.44375
170 1.52109375 26.96484375
180 1.52109375 28.4859375
190 1.659375 30.1453125
200 1.659375 31.8046875
210 0.8296875 32.634375
