0 10.96484375 10.96484375
10 27.72578125 38.690625
20 18.98203125 57.67265625
30 27.74296875 85.415625
40 41.63828125 127.05390625
50 8.7703125 135.82421875
60 23.36796875 159.1921875
70 16.053125 175.2453125
80 19.70703125 194.95234375
90 24.11328125 219.065625
100 28.49765625 247.56328125
110 27.74296875 275.30625
120 35.109375 310.415625
130 18.23984375 328.65546875
140 17.5640625 346.21953125
150 27.73203125 373.9515625
160 21.1609375 395.1125
170 24.13671875 419.24921875
180 24.10859375 443.3578125
190 26.3046875 469.6625
200 26.3078125 495.9703125
210 13.1453125 509.115625
