0 1 4.1026 6.374181942806465 21.872 1.077 0 0
10 0.7 1.3375714285714284 0.11269156026562958 21.872 1.077 4.1026 10
20 0.7 1.1448571428571428 0.06002006467228525 21.872 1.077 2.9640588235294114 17
30 2.6 1.3704615384615382 1.558724755659358 21.872 0.893 2.433458333333333 24
40 1.9 1.0685263157894738 0.09208541139447524 21.872 0.893 1.8806999999999996 50
50 1.6 1.3695625 1.1412222597258386 21.872 0.886 1.6570579710144926 69
60 4.2 1.2870476190476192 1.6335904941246235 21.872 0.84 1.6029411764705883 85
70 3.4 1.3972058823529407 1.307386408954269 21.872 0.84 1.498472440944882 127
80 4.5 1.1433333333333326 0.24517694290722636 21.872 0.84 1.4770869565217393 161
90 6.9 1.2304637681159423 0.9874991774674271 21.872 0.84 1.4041796116504857 206
100 8.3 1.2306024096385542 1.5668613776788494 21.872 0.823 1.3605927272727274 275
110 8.2 1.080865853658538 0.16319371716408776 21.872 0.823 1.3304553072625698 358
120 0.6 0.9605 0.09979437191879441 21.872 0.823 1.2839409090909093 440
130 0 0 0 21.872 0.823 1.2795896860986549 446
140 0 0 0 21.872 0.823 1.2795896860986549 446
150 0 0 0 21.872 0.823 1.2795896860986549 446
160 0 0 0 21.872 0.823 1.2795896860986549 446
170 0 0 0 21.872 0.823 1.2795896860986549 446
180 0 0 0 21.872 0.823 1.2795896860986549 446
190 0 0 0 21.872 0.823 1.2795896860986549 446
200 0 0 0 21.872 0.823 1.2795896860986549 446
210 0 0 0 21.872 0.823 1.2795896860986549 446
220 0 0 0 21.872 0.823 1.2795896860986549 446
230 0 0 0 21.872 0.823 1.2795896860986549 446
240 0 0 0 21.872 0.823 1.2795896860986549 446
246 0 0 0 21.872 0.823 1.2795896860986549 446
