0 0.1 9.568345323741006 0 9.568345323741006 9.568345323741006 0 0
10 0.1 2.3976023976023977 0.0 9.568345323741006 2.3976023976023977 9.568345323741006 1
20 0.1 3.8038038038038042 0.0 9.568345323741006 2.3976023976023977 5.982973860671702 2
30 0.1 2.21105527638191 0.0 9.568345323741006 2.21105527638191 5.256583841715736 3
40 0.1 4.208416833667335 0.0 9.568345323741006 2.21105527638191 4.49520170038228 4
50 0.1 4.819277108433735 0.0 9.568345323741006 2.21105527638191 4.437844727039291 5
60 0.1 1.9076305220883536 0.0 9.568345323741006 1.9076305220883536 4.501416790605032 6
70 0.1 4.3 0.0 9.568345323741006 1.9076305220883536 4.130875895102649 7
80 0.1 7.292707292707293 0.0 9.568345323741006 1.9076305220883536 4.152016408214818 8
90 0.1 1.9153225806451613 0.0 9.568345323741006 1.9076305220883536 4.500982062047315 9
100 0.1 7.754279959718026 0.0 9.568345323741006 1.9076305220883536 4.242416113907099 10
110 0.1 9.80788675429727 0.0 9.80788675429727 1.9076305220883536 4.5616764635262745 11
120 0.1 8.664627930682975 0.0 9.80788675429727 1.9076305220883536 4.998860654423858 12
130 0.1 7.967313585291114 0.0 9.80788675429727 1.9076305220883536 5.280842752597636 13
140 0.1 4.512820512820513 0.0 9.80788675429727 1.9076305220883536 5.472733526361455 14
150 0.1 2.564102564102564 0.0 9.80788675429727 1.9076305220883536 5.4087393254587255 15
160 0.1 6.428571428571428 0.0 9.80788675429727 1.9076305220883536 5.230949527873966 16
170 0.1 2.9561671763506627 0.0 9.80788675429727 1.9076305220883536 5.301397874973817 17
180 0.1 4.605936540429887 0.0 9.80788675429727 1.9076305220883536 5.171107280605863 18
190 0.1 7.208121827411168 0.0 9.80788675429727 1.9076305220883536 5.141361452175549 19
200 0.1 3.741152679474216 0.0 9.80788675429727 1.9076305220883536 5.24469947093733 20
210 0.1 4.116465863453815 0.0 9.80788675429727 1.9076305220883536 5.173102004677181 21
220 0.1 5.61122244488978 0.0 9.80788675429727 1.9076305220883536 5.125073089167028 22
230 0.1 6.3 0.0 9.80788675429727 1.9076305220883536 5.1462100176767125 23
240 0.1 2.1042084168336674 0.0 9.80788675429727 1.9076305220883536 5.194284600273516 24
246 0.1 0.9009009009009009 0.0 9.80788675429727 0.9009009009009009 5.070681552935922 25
