0 0.1 3516.8359375 0 3516.8359375 3516.8359375 0 0
10 0.1 3517.37890625 0.0 3517.37890625 3516.8359375 3516.8359375 1
20 0.1 3514.25390625 0.0 3517.37890625 3514.25390625 3517.107421875 2
30 0.1 3507.43359375 0.0 3517.37890625 3507.43359375 3516.15625 3
40 0.1 3506.29296875 0.0 3517.37890625 3506.29296875 3513.9755859375 4
50 0.1 3497.46875 0.0 3517.37890625 3497.46875 3512.4390625 5
60 0.1 3489.20703125 0.0 3517.37890625 3489.20703125 3509.9440104166665 6
70 0.1 3479.48828125 0.0 3517.37890625 3479.48828125 3506.9815848214284 7
80 0.1 3464.453125 0.0 3517.37890625 3464.453125 3503.544921875 8
90 0.1 3458.078125 0.0 3517.37890625 3458.078125 3499.2013888888887 9
100 0.1 3442.92578125 0.0 3517.37890625 3442.92578125 3495.0890625 10
110 0.1 3424.0234375 0.0 3517.37890625 3424.0234375 3490.3469460227275 11
120 0.1 3419.19921875 0.0 3517.37890625 3419.19921875 3484.8199869791665 12
130 0.1 3417.359375 0.0 3517.37890625 3417.359375 3479.772235576923 13
140 0.1 3390.36328125 0.0 3517.37890625 3390.36328125 3475.3141741071427 14
150 0.1 3386.140625 0.0 3517.37890625 3386.140625 3469.65078125 15
160 0.1 3383.8515625 0.0 3517.37890625 3383.8515625 3464.431396484375 16
170 0.1 3383.38671875 0.0 3517.37890625 3383.38671875 3459.69140625 17
180 0.1 3381.69921875 0.0 3517.37890625 3381.69921875 3455.4522569444443 18
190 0.1 3381.359375 0.0 3517.37890625 3381.359375 3451.5705180921054 19
200 0.1 3380.1953125 0.0 3517.37890625 3380.1953125 3448.0599609375 20
210 0.1 3380.640625 0.0 3517.37890625 3380.1953125 3444.8283110119046 21
220 0.1 3379.57421875 0.0 3517.37890625 3379.57421875 3441.9106889204545 22
230 0.1 3387.0703125 0.0 3517.37890625 3379.57421875 3439.2004076086955 23
240 0.1 3395.30859375 0.0 3517.37890625 3379.57421875 3437.0283203125 24
246 0.1 3397.59375 0.0 3517.37890625 3379.57421875 3435.35953125 25
