0 0.1 0.19921875 0 0.19921875 0.19921875 0 0
10 0.1 0.171875 0.0 0.19921875 0.171875 0.19921875 1
20 0.1 0.140625 0.0 0.19921875 0.140625 0.185546875 2
30 0.1 0.12109375 0.0 0.19921875 0.12109375 0.17057291666666666 3
40 0.1 0.1015625 0.0 0.19921875 0.1015625 0.158203125 4
50 0.1 0.078125 0.0 0.19921875 0.078125 0.146875 5
60 0.1 0.0703125 0.0 0.19921875 0.0703125 0.13541666666666666 6
70 0.1 0.12890625 0.0 0.19921875 0.0703125 0.12611607142857142 7
80 0.1 0.109375 0.0 0.19921875 0.0703125 0.12646484375 8
90 0.1 0.1015625 0.0 0.19921875 0.0703125 0.12456597222222222 9
100 0.1 0.078125 0.0 0.19921875 0.0703125 0.122265625 10
110 0.1 0.0703125 0.0 0.19921875 0.0703125 0.11825284090909091 11
120 0.1 0.05859375 0.0 0.19921875 0.05859375 0.1142578125 12
130 0.1 0.05078125 0.0 0.19921875 0.05078125 0.10997596153846154 13
140 0.1 0.0390625 0.0 0.19921875 0.0390625 0.10574776785714286 14
150 0.1 0.03125 0.0 0.19921875 0.03125 0.10130208333333333 15
160 0.1 0.03125 0.0 0.19921875 0.03125 0.096923828125 16
170 0.1 0.01953125 0.0 0.19921875 0.01953125 0.09306066176470588 17
180 0.1 0.01953125 0.0 0.19921875 0.01953125 0.08897569444444445 18
190 0.1 0.16015625 0.0 0.19921875 0.01953125 0.08532072368421052 19
200 0.1 0.2109375 0.0 0.2109375 0.01953125 0.0890625 20
210 0.1 0.1796875 0.0 0.2109375 0.01953125 0.09486607142857142 21
220 0.1 0.1484375 0.0 0.2109375 0.01953125 0.09872159090909091 22
230 0.1 0.12890625 0.0 0.2109375 0.01953125 0.10088315217391304 23
240 0.1 0.26171875 0.0 0.26171875 0.01953125 0.10205078125 24
246 0.1 0.21875 0.0 0.26171875 0.01953125 0.1084375 25
