0 3.6 35.83111111111112 51.005517014108804 178.83 7.35 0 0
10 9.5 57.10417894736839 78.06195889028811 333.693 7.346 35.83111111111112 36
20 13.1 83.5247175572519 90.93003831075313 425.635 6.864 51.25814503816792 131
30 21.5 133.93515348837192 171.01404453169357 714.533 6.687 67.39143129770991 262
40 28.7 262.40775261324035 260.70307658086773 1465.781 6.687 97.38493291404605 477
50 31.7 409.1877949526813 326.8719264095927 1514.224 6.687 159.37648952879573 764
60 35.6 1112.4901601123609 666.7156145550277 3659.26 6.687 232.63290379278436 1081
70 34.2 2020.7736140350887 762.4747420680158 4609.648 6.687 450.6072832289494 1437
80 34.8 3358.6969770114974 1034.0183147450284 7703.586 6.687 752.4605070264197 1779
90 50.3 2944.20815308151 1847.391663072952 8666.919 0.529 1178.868730606489 2127
100 101.2 1403.9523932806317 2067.129960332964 9301.709 0.521 1516.4982855513313 2630
110 139.6 1338.5903653295104 2584.2629582908958 11732.534 0.521 1485.2252369577159 3642
120 140 1074.0322407142862 1978.1951260924748 11732.534 0.51 1444.5935813815001 5038
130 139.5 1252.0873290322609 1681.2087881060397 11732.534 0.51 1364.0117427772598 6438
140 141 1141.8002524822707 1401.2814746643394 11732.534 0.51 1344.0788234392955 7833
150 128.3 1281.677810600155 1448.9181134196108 11732.534 0.51 1313.2216574705187 9243
160 116.8 1318.108738869865 1432.7691597352568 11732.534 0.51 1309.3768203496109 10526
170 109.3 1506.4502497712733 1450.0719660303614 11732.534 0.51 1310.2489668205924 11694
180 99.5 1470.4468854271374 1312.223694085421 11732.534 0.51 1327.0197498240407 12787
190 91 1897.5763197802169 1274.9059961013481 11732.534 0.51 1337.3745604411558 13782
200 72.2 1925.2387382271468 689.4519638930774 11732.534 0.51 1372.0726002586446 14692
210 61.9 1918.3867754442635 773.4591815726124 11732.534 0.51 1397.9831978720647 15414
220 59.6 491.0695050335568 404.27670750162844 11732.534 0.51 1418.0748722010856 16033
230 24.4 106.91746721311482 144.167777138941 11732.534 0.51 1384.850072223225 16629
240 6.4 36.531874999999985 44.73989335645398 11732.534 0.51 1366.369923131631 16873
246 1.1 26.87027272727273 38.87733928440462 11732.534 0.51 1361.344851685659 16937
