10 0.1 391 0 391 391 0 0
20 0.1 1051.0 0.0 1051 391 391.0 1
30 0.1 1032.0 0.0 1051 391 721.0 2
40 0.1 1326.0 0.0 1326 391 824.6666666666666 3
50 0.1 2074.0 0.0 2074 391 950.0 4
60 0.1 2175.0 0.0 2175 391 1174.8 5
70 0.1 2862.0 0.0 2862 391 1341.5 6
80 0.1 2141.0 0.0 2862 391 1558.7142857142858 7
90 0.1 2453.0 0.0 2862 391 1631.5 8
100 0.1 2644.0 0.0 2862 391 1722.7777777777778 9
110 0.1 3940.0 0.0 3940 391 1814.9 10
120 0.1 4269.0 0.0 4269 391 2008.090909090909 11
130 0.1 4609.0 0.0 4609 391 2196.5 12
140 0.1 5463.0 0.0 5463 391 2382.076923076923 13
150 0.1 5403.0 0.0 5463 391 2602.1428571428573 14
160 0.1 5371.0 0.0 5463 391 2788.866666666667 15
170 0.1 5002.0 0.0 5463 391 2950.25 16
180 0.1 5208.0 0.0 5463 391 3070.9411764705883 17
190 0.1 5445.0 0.0 5463 391 3189.6666666666665 18
200 0.1 4918.0 0.0 5463 391 3308.3684210526317 19
210 0.1 4693.0 0.0 5463 391 3388.85 20
220 0.1 5196.0 0.0 5463 391 3450.9523809523807 21
230 0.1 4435.0 0.0 5463 391 3530.2727272727275 22
240 0.1 1726.0 0.0 5463 391 3569.608695652174 23
246 0.1 605.0 0.0 5463 391 3492.7916666666665 24
