0 3.6 35.83111111111112 51.005517014108804 178.83 7.35 0 0
10 9.9 54.79422222222222 76.24639040365766 333.693 7.346 35.83111111111112 36
20 14.2 77.049676056338 84.0027035526154 352.297 6.864 49.73739259259259 135
30 22.6 127.41366814159302 164.84257916384914 714.533 6.687 63.73863537906136 277
40 30.9 243.72041423948198 230.08592088613892 1180.974 6.687 92.34809343936385 503
50 34 386.2429147058824 284.86887805984014 1285.715 6.687 149.95159975369452 812
60 38.7 1052.0410930232563 556.5182436909686 2342.675 6.687 219.69035590277775 1152
70 35.9 1928.431136490252 554.9271826507938 3102.439 6.687 428.9949272254712 1539
80 37.2 3179.5937392473174 588.8675318276789 4245.307 6.687 712.6079931506853 1898
90 52.3 2838.6556883365224 1706.1682818497202 4890.422 0.488 1116.8893577092524 2270
100 107.9 1349.353551436514 1935.6735001444051 5488.241 0.488 1439.2967300393857 2793
110 148.5 1238.1177764309764 2302.1172394920527 7547.686 0.488 1414.232502324381 3872
120 154.4 1007.6367642487054 1811.8350552012444 7547.686 0.484 1365.4121984319586 5357
130 155.5 1091.7451864951774 1379.6826933100897 7547.686 0.484 1285.3650646283152 6901
140 158.1 1017.1106078431379 1198.0755258647603 7547.686 0.484 1249.7597062440875 8456
150 143.8 1135.2672023643931 1218.1029921068248 7547.686 0.484 1213.1134748430811 10037
160 130.4 1189.516727760737 1238.5351374244594 7547.686 0.484 1203.3580988235296 11475
170 122.1 1340.7558861588882 1184.2609480004 7547.686 0.484 1201.9456919164256 12779
180 111.5 1333.8157228699563 1115.8305442652631 7547.686 0.484 1214.051923857143 14000
190 101.7 1666.8296804326433 969.1135168914768 7547.686 0.484 1222.886633476679 15115
200 81.5 1720.1498024539867 366.13157056557367 7547.686 0.484 1250.8738687081577 16132
210 71.7 1621.1397587168765 407.12662602227425 7547.686 0.484 1273.4418681182508 16947
220 68.6 415.9524781341115 315.00998746268067 7547.686 0.484 1287.5552845335144 17664
230 29.2 88.8625821917808 115.18061779605206 7547.686 0.484 1254.9711142234335 18350
240 7.7 30.3545974025974 34.76063853345477 7547.686 0.484 1236.7057086149557 18642
246 1.3 22.728 32.1171239803509 7547.686 0.484 1231.7434224050432 18719
