10 0.1 491 0 491 491 0 0
20 0.1 794.0 0.0 794 491 491.0 1
30 0.1 833.0 0.0 833 491 642.5 2
40 0.1 1324.0 0.0 1324 491 706.0 3
50 0.1 1563.0 0.0 1563 491 860.5 4
60 0.1 1487.0 0.0 1563 491 1001.0 5
70 0.1 2021.0 0.0 2021 491 1082.0 6
80 0.1 1939.0 0.0 2021 491 1216.142857142857 7
90 0.1 1707.0 0.0 2021 491 1306.5 8
100 0.1 2491.0 0.0 2491 491 1351.0 9
110 0.1 3790.0 0.0 3790 491 1465.0 10
120 0.1 4404.0 0.0 4404 491 1676.3636363636363 11
130 0.1 4533.0 0.0 4533 491 1903.6666666666667 12
140 0.1 4477.0 0.0 4533 491 2105.923076923077 13
150 0.1 4484.0 0.0 4533 491 2275.2857142857147 14
160 0.1 4490.0 0.0 4533 491 2422.5333333333338 15
170 0.1 3927.0 0.0 4533 491 2551.7500000000005 16
180 0.1 3953.0 0.0 4533 491 2632.6470588235297 17
190 0.1 4139.0 0.0 4533 491 2706.0000000000005 18
200 0.1 3332.0 0.0 4533 491 2781.421052631579 19
210 0.1 3041.0 0.0 4533 491 2808.9500000000003 20
220 0.1 3164.0 0.0 4533 491 2820.0000000000005 21
230 0.1 2759.0 0.0 4533 491 2835.636363636364 22
240 0.1 1025.0 0.0 4533 491 2832.3043478260875 23
246 0.1 378.0 0.0 4533 378 2757.0000000000005 24
