50 0.1 42210.656 0 42210.656 42210.656 0 0
60 0 0 0 42210.656 42210.656 42210.656 1
70 0.1 71701.082 0.0 71701.082 42210.656 42210.656 1
80 0.2 83558.5715 146.26350000000093 83704.835 42210.656 56955.869 2
90 0.2 87989.99549999999 200.62150000000474 88190.617 42210.656 70257.22025 4
100 0.1 87841.492 0.0 88190.617 42210.656 76168.14533333333 6
110 0.8 101523.28399999999 9180.300166525356 116246.586 42210.656 77835.76628571427 7
120 0.6 102247.74866666667 8496.005661579935 116246.586 42210.656 90469.10906666666 15
130 0.6 104357.93383333333 10752.199896556729 121542.38 42210.656 93834.43466666667 21
140 1.1 110606.32527272725 7503.922942674773 125737.221 42210.656 96172.99003703705 27
150 1.1 106724.64245454544 9598.794211564638 125737.221 42210.656 100351.06076315789 38
160 1.6 123987.69681250001 8850.930341363093 136170.545 42210.656 101781.86481632653 49
170 2.2 114624.86290909092 13837.59057965565 142385.925 42210.656 107247.91576923078 65
180 2.5 113556.91996 22458.19526127889 153284.824 42210.656 109113.35067816092 87
190 4.2 117796.06869047618 16040.409025503846 159317.868 42210.656 110105.21882142857 112
200 3.7 116725.68797297296 16955.507521838368 159317.868 42210.656 112202.72333116883 154
210 7.7 121713.3210649351 14007.666136637088 159317.868 42210.656 113078.89972774868 191
220 10.9 123474.98170642213 13111.087408938081 159317.868 42210.656 115559.68496268657 268
230 4.9 127507.4653469388 10244.429443699892 165355.624 42210.656 117848.19250928385 377
240 1.7 134553.77647058823 11753.573755288953 173861.504 42210.656 118959.235629108 426
246 0.3 138763.8633333333 3971.3781142868006 173861.504 42210.656 119557.67173363434 443
