0 50.08984375 50.08984375
10 269.00546875 319.0953125
20 649.23359375 968.32890625
30 748.54296875 1716.871875
40 1354.21484375 3071.08671875
50 1411.8703125 4482.95703125
60 1944.2421875 6427.19921875
70 1212.7609375 7639.96015625
80 1612.5234375 9252.48359375
90 1144.69921875 10397.1828125
100 1809.3921875 12206.575
110 2020.540625 14227.115625
120 2401.67265625 16628.78828125
130 3167.76875 19796.55703125
140 3461.8625 23258.41953125
150 3410.23515625 26668.6546875
160 3176.4484375 29845.103125
170 3373.29765625 33218.40078125
180 3487.05390625 36705.4546875
190 3651.0671875 40356.521875
200 3398.28984375 43754.81171875
210 3857.63203125 47612.44375
220 3633.9515625 51246.3953125
230 1774.29609375 53020.69140625
240 553.6109375 53574.30234375
246 66.38984375 53640.6921875
