0 17.55078125 17.55078125
10 67.56171875 85.1125
20 96.23359375 181.34609375
30 144.03671875 325.3828125
40 205.4421875 530.825
50 258.0046875 788.8296875
60 266.83203125 1055.66171875
70 261.52734375 1317.1890625
80 252.99765625 1570.18671875
90 324.06953125 1894.25625
100 650.6390625 2544.8953125
110 849.5734375 3394.46875
120 943.1625 4337.63125
130 978.3875 5316.01875
140 1026.80703125 6342.82578125
150 950.08203125 7292.9078125
160 874.8046875 8167.7125
170 823.76953125 8991.48203125
180 762.0078125 9753.48984375
190 683.25546875 10436.7453125
200 572.68359375 11009.42890625
210 440.2625 11449.69140625
220 421.8828125 11871.57421875
230 195.56171875 12067.1359375
240 51.7328125 12118.86875
246 8.7109375 12127.5796875
