0 0.9 2.8674444444444447 4.807824504818765 16.465 1.064 0 0
10 0.9 1.2434444444444444 0.0874326548596259 16.465 1.064 2.8674444444444447 9
20 1.2 1.2951666666666666 0.15696487575958584 16.465 1.064 2.055444444444445 18
30 1.1 1.2760909090909092 0.10819885274593813 16.465 1.064 1.7513333333333336 30
40 1.3 1.4843846153846154 0.4842574868904636 16.465 1.053 1.6238292682926831 41
50 1.8 1.240055555555556 0.18027678479438913 16.465 1.047 1.5902592592592595 54
60 3.3 1.9496969696969702 3.846777955048273 23.576 0.914 1.5027083333333335 72
70 4.3 1.0947441860465115 0.15731808882277049 23.576 0.889 1.6431904761904765 105
80 3.1 1.1732258064516128 0.7432268663186888 23.576 0.851 1.4838445945945946 148
90 7.3 1.0940136986301368 0.1693064412396179 23.576 0.845 1.430050279329609 179
100 8.2 1.0419512195121952 0.11481383685191916 23.576 0.823 1.3327063492063491 252
110 8.5 1.1490823529411756 0.787930994466852 23.576 0.823 1.2613233532934132 334
120 1.8 1.7014444444444448 2.4541707181001584 23.576 0.823 1.2385536992840094 419
130 0 0 0 23.576 0.823 1.257620137299771 437
140 0 0 0 23.576 0.823 1.257620137299771 437
150 0 0 0 23.576 0.823 1.257620137299771 437
160 0 0 0 23.576 0.823 1.257620137299771 437
170 0 0 0 23.576 0.823 1.257620137299771 437
180 0 0 0 23.576 0.823 1.257620137299771 437
190 0 0 0 23.576 0.823 1.257620137299771 437
200 0 0 0 23.576 0.823 1.257620137299771 437
210 0 0 0 23.576 0.823 1.257620137299771 437
220 0 0 0 23.576 0.823 1.257620137299771 437
230 0 0 0 23.576 0.823 1.257620137299771 437
240 0 0 0 23.576 0.823 1.257620137299771 437
250 0 0 0 23.576 0.823 1.257620137299771 437
254 0 0 0 23.576 0.823 1.257620137299771 437
