0 0.1 4.493918572247764 0 4.493918572247764 4.493918572247764 0 0
10 0.1 3.081510934393638 0.0 4.493918572247764 3.081510934393638 4.493918572247764 1
20 0.1 1.5904572564612325 0.0 4.493918572247764 1.5904572564612325 3.787714753320701 2
30 0.1 4.437869822485207 0.0 4.493918572247764 1.5904572564612325 3.055295587700878 3
40 0.1 2.8627838104639687 0.0 4.493918572247764 1.5904572564612325 3.4009391463969605 4
50 0.1 4.832347140039447 0.0 4.832347140039447 1.5904572564612325 3.2933080792103624 5
60 0.1 4.133858267716536 0.0 4.832347140039447 1.5904572564612325 3.549814589348543 6
70 0.1 3.8499506416584404 0.0 4.832347140039447 1.5904572564612325 3.6332494005439706 7
80 0.1 3.6597428288822944 0.0 4.832347140039447 1.5904572564612325 3.6603370556832795 8
90 0.1 3.8385826771653546 0.0 4.832347140039447 1.5904572564612325 3.66027103048317 9
100 0.1 6.195546950629235 0.0 6.195546950629235 1.5904572564612325 3.6781021951513884 10
110 0.1 8.976833976833976 0.0 8.976833976833976 1.5904572564612325 3.906960809285738 11
120 0.1 9.611650485436893 0.0 9.611650485436893 1.5904572564612325 4.329450239914759 12
130 0.1 8.03134182174339 0.0 9.611650485436893 1.5904572564612325 4.735773335724153 13
140 0.1 6.673209028459273 0.0 9.611650485436893 1.5904572564612325 4.971171084725527 14
150 0.1 7.03125 0.0 9.611650485436893 1.5904572564612325 5.084640280974443 15
160 0.1 6.206896551724138 0.0 9.611650485436893 1.5904572564612325 5.206303388413541 16
170 0.1 6.496062992125983 0.0 9.611650485436893 1.5904572564612325 5.265161809784752 17
180 0.1 8.456243854473943 0.0 9.611650485436893 1.5904572564612325 5.333545208803709 18
190 0.1 7.288629737609329 0.0 9.611650485436893 1.5904572564612325 5.497897769102143 19
200 0.1 6.330365974282888 0.0 9.611650485436893 1.5904572564612325 5.587434367527502 20
210 0.1 6.791338582677166 0.0 9.611650485436893 1.5904572564612325 5.622812063087282 21
220 0.1 7.797270955165692 0.0 9.611650485436893 1.5904572564612325 5.675926904886822 22
230 0.1 7.549019607843137 0.0 9.611650485436893 1.5904572564612325 5.768159254898946 23
240 0.1 4.586241276171486 0.0 9.611650485436893 1.5904572564612325 5.842361769604955 24
250 0.1 0.9970089730807578 0.0 9.611650485436893 0.9970089730807578 5.792116949867616 25
254 0.1 0.4985044865403789 0.0 9.611650485436893 0.4985044865403789 5.607689719991199 26
