0 0.1 3504.37109375 0 3504.37109375 3504.37109375 0 0
10 0.1 3506.57421875 0.0 3506.57421875 3504.37109375 3504.37109375 1
20 0.1 3503.9375 0.0 3506.57421875 3503.9375 3505.47265625 2
30 0.1 3496.90234375 0.0 3506.57421875 3496.90234375 3504.9609375 3
40 0.1 3494.13671875 0.0 3506.57421875 3494.13671875 3502.9462890625 4
50 0.1 3485.08203125 0.0 3506.57421875 3485.08203125 3501.184375 5
60 0.1 3483.046875 0.0 3506.57421875 3483.046875 3498.5006510416665 6
70 0.1 3475.53125 0.0 3506.57421875 3475.53125 3496.29296875 7
80 0.1 3466.90625 0.0 3506.57421875 3466.90625 3493.69775390625 8
90 0.1 3451.33984375 0.0 3506.57421875 3451.33984375 3490.7209201388887 9
100 0.1 3448.09375 0.0 3506.57421875 3448.09375 3486.7828125 10
110 0.1 3434.8046875 0.0 3506.57421875 3434.8046875 3483.265625 11
120 0.1 3418.7734375 0.0 3506.57421875 3418.7734375 3479.2272135416665 12
130 0.1 3408.9609375 0.0 3506.57421875 3408.9609375 3474.576923076923 13
140 0.1 3398.5546875 0.0 3506.57421875 3398.5546875 3469.890066964286 14
150 0.1 3395.54296875 0.0 3506.57421875 3395.54296875 3465.134375 15
160 0.1 3393.984375 0.0 3506.57421875 3393.984375 3460.784912109375 16
170 0.1 3392.9453125 0.0 3506.57421875 3392.9453125 3456.85546875 17
180 0.1 3390.94140625 0.0 3506.57421875 3390.94140625 3453.3049045138887 18
190 0.1 3394.67578125 0.0 3506.57421875 3390.94140625 3450.0226151315787 19
200 0.1 3393.03125 0.0 3506.57421875 3390.94140625 3447.2552734375 20
210 0.1 3390.18359375 0.0 3506.57421875 3390.18359375 3444.6731770833335 21
220 0.1 3388.921875 0.0 3506.57421875 3388.921875 3442.196377840909 22
230 0.1 3389.19921875 0.0 3506.57421875 3388.921875 3439.8800951086955 23
240 0.1 3397.54296875 0.0 3506.57421875 3388.921875 3437.7683919270835 24
250 0.1 3399.8515625 0.0 3506.57421875 3388.921875 3436.159375 25
254 0.1 3403.03125 0.0 3506.57421875 3388.921875 3434.762920673077 26
