0 0.1 0.01171875 0 0.01171875 0.01171875 0 0
10 0.1 0.08984375 0.0 0.08984375 0.01171875 0.01171875 1
20 0.1 0.0703125 0.0 0.08984375 0.01171875 0.05078125 2
30 0.1 0.05859375 0.0 0.08984375 0.01171875 0.057291666666666664 3
40 0.1 0.05078125 0.0 0.08984375 0.01171875 0.0576171875 4
50 0.1 0.0390625 0.0 0.08984375 0.01171875 0.05625 5
60 0.1 0.0390625 0.0 0.08984375 0.01171875 0.053385416666666664 6
70 0.1 0.03125 0.0 0.08984375 0.01171875 0.05133928571428571 7
80 0.1 0.01953125 0.0 0.08984375 0.01171875 0.048828125 8
90 0.1 0.171875 0.0 0.171875 0.01171875 0.045572916666666664 9
100 0.1 0.21875 0.0 0.21875 0.01171875 0.058203125 10
110 0.1 0.1796875 0.0 0.21875 0.01171875 0.07279829545454546 11
120 0.1 0.1484375 0.0 0.21875 0.01171875 0.08170572916666667 12
130 0.1 0.12890625 0.0 0.21875 0.01171875 0.0868389423076923 13
140 0.1 0.109375 0.0 0.21875 0.01171875 0.08984375 14
150 0.1 0.171875 0.0 0.21875 0.01171875 0.09114583333333333 15
160 0.1 0.140625 0.0 0.21875 0.01171875 0.09619140625 16
170 0.1 0.12109375 0.0 0.21875 0.01171875 0.09880514705882353 17
180 0.1 0.1015625 0.0 0.21875 0.01171875 0.10004340277777778 18
190 0.1 0.16015625 0.0 0.21875 0.01171875 0.1001233552631579 19
200 0.1 0.12890625 0.0 0.21875 0.01171875 0.103125 20
210 0.1 0.109375 0.0 0.21875 0.01171875 0.10435267857142858 21
220 0.1 0.08984375 0.0 0.21875 0.01171875 0.10458096590909091 22
230 0.1 0.078125 0.0 0.21875 0.01171875 0.10394021739130435 23
240 0.1 0.0703125 0.0 0.21875 0.01171875 0.10286458333333333 24
250 0.1 0.05859375 0.0 0.21875 0.01171875 0.1015625 25
254 0.1 0.05078125 0.0 0.21875 0.01171875 0.09990985576923077 26
