0 3.4 37.613882352941175 55.21871899826805 200.465 6.702 0 0
10 7.1 73.5984084507042 94.3207366397749 344.0 6.702 37.613882352941175 34
20 16 84.35721250000006 104.02091343459422 537.022 6.702 61.946276190476176 105
30 16.5 108.75515151515151 142.7417529266224 708.323 6.702 75.47740754716983 265
40 26.3 242.45407984790864 255.02387848400403 1381.83 6.702 88.24677441860466 430
50 31.6 295.61929430379763 254.46600164380996 1381.83 6.702 146.76989321789318 693
60 34.6 513.5885173410405 460.26151962393385 2742.62 6.702 193.38675222993066 1009
70 34.9 1688.3350487105995 876.7275345856232 5197.501 6.702 275.15045018450195 1355
80 32.3 3055.4507956656344 960.0251442368217 6575.787 6.702 564.5879061032861 1704
90 39.9 3269.61153884712 1479.388189420478 8293.012 0.566 961.5038968919582 2027
100 81.9 1901.177293040291 2199.1656530753394 9185.288 0.529 1341.1143458367683 2426
110 120.6 1354.521931177449 2307.3156325912555 10953.441 0.529 1482.4676751926036 3245
120 134.9 1158.658183098589 1805.9731254700635 10953.441 0.512 1447.8007312963384 4451
130 138.7 1302.1258147080039 1725.1029542536692 10953.441 0.512 1380.5501627586204 5800
140 131.2 1172.5616463414628 1510.4356625746211 10953.441 0.512 1365.4152565743702 7187
150 130.2 1211.2793364055306 1488.0314863098224 10953.441 0.512 1335.644232144958 8499
160 123.1 1345.1179561332253 1383.872727453149 10953.441 0.512 1319.1231532496683 9801
170 117.2 1382.6156706484662 1341.2903529581697 10953.441 0.512 1322.0237698513415 11032
180 106.3 1491.7206227657582 1164.0684842279622 10953.441 0.512 1327.842657735169 12204
190 94.8 1682.2019535864997 1236.0063945986963 10953.441 0.512 1340.9731527097313 13267
200 78.9 1999.2067528517098 1393.2395137618998 10953.441 0.512 1363.7297410481892 14215
210 64.6 1915.0944334365342 729.9312583780176 10953.441 0.512 1397.1469206211682 15004
220 64 853.6929828125009 785.5405189465633 10953.441 0.512 1418.5267348881794 15650
230 25.5 165.59397647058822 243.4018831097169 10953.441 0.512 1396.3355991405774 16290
240 4.6 29.43760869565217 38.303157961803635 10953.441 0.512 1377.3667799335153 16545
250 1.3 19.848230769230774 27.632462690309765 10953.441 0.512 1373.6295282984756 16591
254 0.2 13.416 6.461 10953.441 0.512 1372.5695935316796 16604
