10 0.1 426 0 426 426 0 0
20 0.1 397.0 0.0 426 397 426.0 1
30 0.1 1288.0 0.0 1288 397 411.5 2
40 0.1 1185.0 0.0 1288 397 703.6666666666666 3
50 0.1 2119.0 0.0 2119 397 824.0 4
60 0.1 2401.0 0.0 2401 397 1083.0 5
70 0.1 2601.0 0.0 2601 397 1302.6666666666667 6
80 0.1 2111.0 0.0 2601 397 1488.142857142857 7
90 0.1 2351.0 0.0 2601 397 1566.0 8
100 0.1 2137.0 0.0 2601 397 1653.2222222222222 9
110 0.1 2806.0 0.0 2806 397 1701.6 10
120 0.1 3711.0 0.0 3711 397 1802.0 11
130 0.1 4041.0 0.0 4041 397 1961.0833333333333 12
140 0.1 5316.0 0.0 5316 397 2121.076923076923 13
150 0.1 5830.0 0.0 5830 397 2349.285714285714 14
160 0.1 5476.0 0.0 5830 397 2581.3333333333335 15
170 0.1 5474.0 0.0 5830 397 2762.25 16
180 0.1 6071.0 0.0 6071 397 2921.764705882353 17
190 0.1 5234.0 0.0 6071 397 3096.722222222222 18
200 0.1 6074.0 0.0 6074 397 3209.2105263157896 19
210 0.1 6221.0 0.0 6221 397 3352.45 20
220 0.1 6454.0 0.0 6454 397 3489.0476190476193 21
230 0.1 7374.0 0.0 7374 397 3623.818181818182 22
240 0.1 2883.0 0.0 7374 397 3786.8695652173915 23
250 0.1 359.0 0.0 7374 359 3749.2083333333335 24
254 0.1 150.0 0.0 7374 150 3613.6 25
