0 3.4 37.613882352941175 55.21871899826805 200.465 6.702 0 0
10 7.2 72.57444444444441 93.8053788480716 344.0 6.702 37.613882352941175 34
20 17.2 78.46750581395352 100.58254554191709 537.022 6.702 61.360679245283 106
30 17.8 100.80746629213479 129.8977687745143 657.072 6.702 71.94475899280577 278
40 28.6 224.34698601398608 224.09615277895435 1116.837 6.702 83.21134210526314 456
50 34.1 273.40314076246364 220.1323079750183 1116.837 6.702 137.61133423180596 742
60 37.2 492.97593010752666 422.1673862774056 1706.304 6.702 180.3675724838413 1083
70 36.8 1621.7881711956513 765.5827765009069 3162.997 6.702 260.29218350515464 1455
80 34.4 2870.8206191860468 530.6709400811685 4035.35 6.702 535.1306494788807 1823
90 41.5 3170.27330120482 1328.0831876498044 4699.705 0.532 905.9093064143976 2167
100 85.6 1806.84677686916 2052.3901140654903 5158.322 0.512 1269.8562691711852 2582
110 128.9 1291.0854026377046 2187.4938858753208 6695.874 0.503 1403.557221640489 3438
120 145.9 1071.5081466758036 1609.1357151676818 6695.874 0.491 1372.8874152739586 4727
130 154.3 1160.3373305249481 1486.2237851311754 6695.874 0.491 1301.8055606207565 6186
140 149.5 1031.6382822742482 1263.1427552185362 6695.874 0.491 1273.5631645749768 7729
150 144.8 1090.8036464088398 1287.8255544237647 6695.874 0.491 1234.3526594752814 9224
160 137.8 1204.191513788096 1174.7916458907532 6695.874 0.491 1214.8756194715138 10672
170 132 1220.6981477272734 1146.1224263772922 6695.874 0.491 1213.6538188381735 12050
180 116.5 1363.5075742489273 982.9568218691072 6695.874 0.491 1214.3492948391915 13370
190 106.5 1497.3492657277006 1002.7139312951497 6695.874 0.491 1226.3045336085304 14535
200 89.5 1758.320696089385 1070.849989243364 6695.874 0.491 1244.8085489743585 15600
210 73.9 1663.1566928281475 377.0493008069122 6695.874 0.491 1272.671135919975 16495
220 74.1 710.7458879892039 598.8526882612981 6695.874 0.491 1289.4152943599856 17234
230 30.6 130.72527124183023 185.61956642077618 6695.874 0.491 1265.5602718219745 17975
240 5.5 24.61125454545454 31.84724127068761 6695.874 0.491 1246.5646200426668 18281
250 1.5 17.194599999999994 21.895054238495653 6695.874 0.491 1242.8992930846416 18336
254 0.3 8.924666666666667 4.332458142389324 6695.874 0.491 1241.8974092420026 18351
