10 0.1 364 0 364 364 0 0
20 0.1 349.0 0.0 364 349 364.0 1
30 0.1 885.0 0.0 885 349 356.5 2
40 0.1 811.0 0.0 885 349 532.6666666666666 3
50 0.1 1351.0 0.0 1351 349 602.25 4
60 0.1 1477.0 0.0 1477 349 752.0 5
70 0.1 1744.0 0.0 1744 349 872.8333333333334 6
80 0.1 1544.0 0.0 1744 349 997.2857142857143 7
90 0.1 1618.0 0.0 1744 349 1065.625 8
100 0.1 1783.0 0.0 1783 349 1127.0 9
110 0.1 2656.0 0.0 2656 349 1192.6 10
120 0.1 3708.0 0.0 3708 349 1325.6363636363637 11
130 0.1 3886.0 0.0 3886 349 1524.1666666666667 12
140 0.1 4303.0 0.0 4303 349 1705.8461538461538 13
150 0.1 4444.0 0.0 4444 349 1891.357142857143 14
160 0.1 4198.0 0.0 4444 349 2061.5333333333333 15
170 0.1 4138.0 0.0 4444 349 2195.0625 16
180 0.1 4508.0 0.0 4508 349 2309.3529411764707 17
190 0.1 3719.0 0.0 4508 349 2431.5 18
200 0.1 3927.0 0.0 4508 349 2499.2631578947367 19
210 0.1 3777.0 0.0 4508 349 2570.65 20
220 0.1 3551.0 0.0 4508 349 2628.095238095238 21
230 0.1 3860.0 0.0 4508 349 2670.0454545454545 22
240 0.1 1584.0 0.0 4508 349 2721.782608695652 23
250 0.1 226.0 0.0 4508 226 2674.375 24
254 0.1 96.0 0.0 4508 96 2576.44 25
