60 0.1 61574.815 0 61574.815 61574.815 0 0
70 0 0 0 61574.815 61574.815 61574.815 1
80 0.2 75927.3505 2482.4535000000033 78409.804 61574.815 61574.815 1
90 0.5 89729.6836 4729.9559556286185 96600.558 61574.815 71143.172 3
100 0.2 98394.0565 2069.4164999999957 100463.473 61574.815 82759.74175 8
110 0.6 98083.30816666667 3236.971226681834 102969.434 61574.815 85886.6047 10
120 0.4 111093.66600000001 9402.485380042051 123573.313 61574.815 90460.36850000001 16
130 0.8 103491.99975 8547.74307053499 123573.313 61574.815 94587.02800000002 20
140 1.1 113392.88763636365 9455.697015831223 129514.182 61574.815 97131.30564285717 28
150 0.6 108632.58316666668 13031.378461152957 129514.182 61574.815 101717.90569230772 39
160 1.4 114705.41242857142 18922.237887971423 150709.456 59618.701 102639.86268888893 45
170 0.8 116086.923125 11357.194845332511 150709.456 59618.701 105502.87449152545 59
180 2.3 114708.68265217394 18024.945323582342 150709.456 59618.701 106766.64149253734 67
190 3.4 116335.94261764707 13857.523481407454 150709.456 59618.701 108796.27423333336 90
200 4.7 118940.12255319153 17060.537753004992 158018.076 59618.701 110863.60266129034 124
210 6.8 120386.87957352943 15073.703251987037 158018.076 59618.701 113083.46485380118 171
220 11.1 124680.33601801806 14315.082608739069 160686.991 59618.701 115161.4238535565 239
230 7 124476.99964285713 9898.123641623723 160686.991 59618.701 118180.27885428573 350
240 1.3 132184.5583076923 6636.920340271332 160686.991 59618.701 119229.73231904765 420
250 0.3 136214.48966666666 3554.5079856921884 160686.991 59618.701 119618.67628637416 433
254 0.1 144167.993 0.0 160686.991 59618.701 119732.86766284404 436
