0 15.49375 15.49375
10 47.33046875 62.82421875
20 114.98359375 177.8078125
30 119.36953125 297.17734375
40 196.6625 493.83984375
50 229.16328125 723.003125
60 275.3578125 998.3609375
70 251.00546875 1249.36640625
80 236.178125 1485.54453125
90 283.01796875 1768.5625
100 511.01328125 2279.57578125
110 758.6875 3038.26328125
120 901.515625 3939.77890625
130 997.525 4937.30390625
140 981.77578125 5919.0796875
150 967.196875 6886.2765625
160 937.9265625 7824.203125
170 913.02890625 8737.23203125
180 823.25546875 9560.4875
190 747.96171875 10308.44921875
200 606.94140625 10915.390625
210 484.67421875 11400.06484375
220 450.9375 11851.00234375
230 187.5265625 12038.52890625
240 36.18515625 12074.7140625
250 10.390625 12085.1046875
254 1.79375 12086.8984375
