0 55.6484375 55.6484375
10 110.49296875 166.14140625
20 775.29140625 941.4328125
30 826.159375 1767.5921875
40 1476.42578125 3244.01796875
50 1672.18125 4916.19921875
60 1763.690625 6679.88984375
70 1433.75390625 8113.64375
80 1612.35234375 9725.99609375
90 1037.6953125 10763.69140625
100 1280.4640625 12044.15546875
110 1797.97890625 13842.134375
120 2294.83984375 16136.97421875
130 3052.82265625 19189.796875
140 4232.9421875 23422.7390625
150 3659.971875 27082.7109375
160 3673.32734375 30756.03828125
170 3982.73359375 34738.771875
180 3570.16875 38308.940625
190 4580.02109375 42888.96171875
200 5241.42734375 48130.3890625
210 5420.60625 53550.9953125
220 6336.37421875 59887.36953125
230 3209.6078125 63096.97734375
240 476.13671875 63573.1140625
250 113.7203125 63686.834375
254 27.7015625 63714.5359375
