0 0.7 2.290714285714285 2.661412284284187 8.795 0.991 0 0
10 0.7 2.0509999999999997 1.330216523728374 8.795 0.991 2.290714285714285 7
20 0.4 1.41275 0.3441935320426575 8.795 0.991 2.1708571428571424 14
30 1.7 1.110941176470588 0.08534805596754648 8.795 0.895 2.0023888888888886 18
40 2 1.1873500000000001 0.16587262432360564 8.795 0.88 1.5693999999999997 35
50 2.5 1.18176 0.13178900712881944 8.795 0.88 1.4304727272727271 55
60 3.3 1.7651818181818182 3.663229709741949 22.479 0.872 1.35275 80
70 4.1 1.2862439024390244 0.625664906046313 22.479 0.865 1.4731946902654867 113
80 4.8 1.3739791666666656 1.232874207721928 22.479 0.843 1.4234220779220779 154
90 7.2 1.1652222222222224 0.31275195275268447 22.479 0.843 1.4116732673267325 202
100 7.5 1.2375200000000002 1.1793120295042077 22.479 0.843 1.346912408759124 274
110 7 1.1367428571428575 0.16762046292692534 22.479 0.837 1.3234040114613181 349
120 1.4 1.829214285714286 2.4497136619430044 22.479 0.837 1.292219570405728 419
130 0 0 0 22.479 0.837 1.3095819861431872 433
140 0 0 0 22.479 0.837 1.3095819861431872 433
150 0 0 0 22.479 0.837 1.3095819861431872 433
160 0 0 0 22.479 0.837 1.3095819861431872 433
170 0 0 0 22.479 0.837 1.3095819861431872 433
180 0 0 0 22.479 0.837 1.3095819861431872 433
190 0 0 0 22.479 0.837 1.3095819861431872 433
200 0 0 0 22.479 0.837 1.3095819861431872 433
210 0 0 0 22.479 0.837 1.3095819861431872 433
220 0 0 0 22.479 0.837 1.3095819861431872 433
230 0 0 0 22.479 0.837 1.3095819861431872 433
240 0 0 0 22.479 0.837 1.3095819861431872 433
243 0 0 0 22.479 0.837 1.3095819861431872 433
