0 0.1 2.0369348842786907 0 2.0369348842786907 2.0369348842786907 0 0
10 0.1 2.404809619238477 0.0 2.404809619238477 2.0369348842786907 2.0369348842786907 1
20 0.1 0.7000000000000001 0.0 2.404809619238477 0.7000000000000001 2.2208722517585837 2
30 0.1 0.6012024048096193 0.0 2.404809619238477 0.6012024048096193 1.7139148345057225 3
40 0.1 1.002004008016032 0.0 2.404809619238477 0.6012024048096193 1.4357367270816968 4
50 0.1 1.5090543259557343 0.0 2.404809619238477 0.6012024048096193 1.3489901832685638 5
60 0.1 2.0100502512562812 0.0 2.404809619238477 0.6012024048096193 1.3756675403830922 6
70 0.1 1.8108651911468814 0.0 2.404809619238477 0.6012024048096193 1.466293641936405 7
80 0.1 2.3138832997987926 0.0 2.404809619238477 0.6012024048096193 1.5093650855877145 8
90 0.1 4.116465863453815 0.0 4.116465863453815 0.6012024048096193 1.5987559982778343 9
100 0.1 3.121852970795569 0.0 4.116465863453815 0.6012024048096193 1.8505269847954324 10
110 0.1 4.67005076142132 0.0 4.67005076142132 0.6012024048096193 1.9661020744318085 11
120 0.1 4.713114754098361 0.0 4.713114754098361 0.6012024048096193 2.1914311316809343 12
130 0.1 2.36382322713258 0.0 4.713114754098361 0.6012024048096193 2.385406794943813 13
140 0.1 4.72764645426516 0.0 4.72764645426516 0.6012024048096193 2.383865111528725 14
150 0.1 3.1664964249233916 0.0 4.72764645426516 0.6012024048096193 2.5401172010444877 15
160 0.1 3.2586558044806515 0.0 4.72764645426516 0.6012024048096193 2.5792659025369193 16
170 0.1 3.3707865168539324 0.0 4.72764645426516 0.6012024048096193 2.6192300144159626 17
180 0.1 4.4579533941236065 0.0 4.72764645426516 0.6012024048096193 2.660983153440294 18
190 0.1 4.431017119838873 0.0 4.72764645426516 0.6012024048096193 2.7555605345288896 19
200 0.1 5.0352467270896275 0.0 5.0352467270896275 0.6012024048096193 2.8393333637943887 20
210 0.1 5.905905905905906 0.0 5.905905905905906 0.6012024048096193 2.9439006668084478 21
220 0.1 6.212424849699398 0.0 6.212424849699398 0.6012024048096193 3.0785372685856047 22
230 0.1 4.681274900398407 0.0 6.212424849699398 0.6012024048096193 3.214793250373161 23
240 0.1 1.3052208835341366 0.0 6.212424849699398 0.6012024048096193 3.2758966524575466 24
243 0.1 0.4008016032064128 0.0 6.212424849699398 0.4008016032064128 3.19706962170061 25
