0 0.1 3508.33203125 0 3508.33203125 3508.33203125 0 0
10 0.1 3510.63671875 0.0 3510.63671875 3508.33203125 3508.33203125 1
20 0.1 3508.8515625 0.0 3510.63671875 3508.33203125 3509.484375 2
30 0.1 3506.69140625 0.0 3510.63671875 3506.69140625 3509.2734375 3
40 0.1 3502.109375 0.0 3510.63671875 3502.109375 3508.6279296875 4
50 0.1 3492.68359375 0.0 3510.63671875 3492.68359375 3507.32421875 5
60 0.1 3490.7734375 0.0 3510.63671875 3490.7734375 3504.8841145833335 6
70 0.1 3482.17578125 0.0 3510.63671875 3482.17578125 3502.8683035714284 7
80 0.1 3467.578125 0.0 3510.63671875 3467.578125 3500.28173828125 8
90 0.1 3453.4921875 0.0 3510.63671875 3453.4921875 3496.648003472222 9
100 0.1 3436.52734375 0.0 3510.63671875 3436.52734375 3492.332421875 10
110 0.1 3432.30859375 0.0 3510.63671875 3432.30859375 3487.2592329545455 11
120 0.1 3416.3125 0.0 3510.63671875 3416.3125 3482.6800130208335 12
130 0.1 3414.8359375 0.0 3510.63671875 3414.8359375 3477.5748197115386 13
140 0.1 3392.5703125 0.0 3510.63671875 3392.5703125 3473.0934709821427 14
150 0.1 3380.10546875 0.0 3510.63671875 3380.10546875 3467.7252604166665 15
160 0.1 3378.1875 0.0 3510.63671875 3378.1875 3462.2490234375 16
170 0.1 3378.203125 0.0 3510.63671875 3378.1875 3457.3042279411766 17
180 0.1 3377.0234375 0.0 3510.63671875 3377.0234375 3452.909722222222 18
190 0.1 3373.8125 0.0 3510.63671875 3373.8125 3448.915707236842 19
200 0.1 3371.171875 0.0 3510.63671875 3371.171875 3445.160546875 20
210 0.1 3372.78515625 0.0 3510.63671875 3371.171875 3441.637276785714 21
220 0.1 3372.3515625 0.0 3510.63671875 3371.171875 3438.507634943182 22
230 0.1 3373.0234375 0.0 3510.63671875 3371.171875 3435.6312839673915 23
240 0.1 3389.48828125 0.0 3510.63671875 3371.171875 3433.0226236979165 24
243 0.1 3391.16015625 0.0 3510.63671875 3371.171875 3431.28125 25
