0 3.9 77.14953846153846 127.53692498370737 483.152 7.573 0 0
10 5.2 38.255499999999984 44.729691216968895 483.152 7.573 77.14953846153846 39
20 8 55.66755000000002 57.68546819019935 483.152 7.475 54.92437362637361 91
30 16.8 56.8765416666667 75.00942954038815 483.152 6.815 55.27205847953217 171
40 26.8 162.9232238805968 168.91651191162504 791.839 6.815 56.06720058997052 339
50 29.4 288.3007312925168 384.1135736277854 2109.395 6.815 103.24580724876432 607
60 35.6 772.3602387640452 609.004858204545 2708.362 6.815 163.62998890122074 901
70 37 1585.1510756756759 685.6982066001049 4205.65 6.815 336.0309188544153 1257
80 42.6 2239.849809859152 870.5973613052323 6132.329 6.815 620.0963509526737 1627
90 49.4 3056.605159919029 2258.311705026829 9611.099 0.545 956.197166098392 2053
100 91.9 1473.1861392818298 1991.857673507647 9611.099 0.517 1363.5790070671376 2547
110 127.5 1411.7363678431354 2290.9697087120303 10376.257 0.517 1392.641025100981 3466
120 143 1142.5221762237745 1968.9517539418007 10376.257 0.514 1397.776347184138 4741
130 139.9 1221.8976533238001 1500.6838894078355 10376.257 0.514 1338.6265392967098 6171
140 126.2 1274.4587416798763 1345.0508452522993 10376.257 0.514 1317.0540542932617 7570
150 129.1 1268.1503718048016 1198.9305773330186 10376.257 0.514 1310.9676316802531 8832
160 127 1244.7313322834664 1119.5567117611142 10376.257 0.514 1305.5070881161705 10123
170 114.5 1414.5219746724906 1376.9099824863424 10376.257 0.514 1298.7322957078907 11393
180 94.4 1666.4326197033902 866.6823117720071 10376.257 0.514 1309.3064847663104 12538
190 85.1 1803.163043478262 1063.0439270641432 10376.257 0.514 1334.3122013796171 13482
200 73.8 1879.6399010840082 744.8065915708444 10376.257 0.514 1362.1495045698737 14333
210 75.5 814.7692105960292 625.7883180396963 10376.257 0.514 1387.4900866564924 15071
220 46.5 64.0836172043011 97.42383835459182 10376.257 0.514 1360.1676892455453 15826
230 12.6 32.47238095238096 32.68449703638626 10376.257 0.514 1323.173085261801 16291
240 3.6 29.65608333333334 33.87033542494983 10376.257 0.514 1313.266994700615 16417
243 0.1 23.464 0.0 10376.257 0.514 1310.458388804473 16453
