10 0.1 394 0 394 394 0 0
20 0.1 372.0 0.0 394 372 394.0 1
30 0.1 498.0 0.0 498 372 383.0 2
40 0.1 1133.0 0.0 1133 372 421.3333333333333 3
50 0.1 1739.0 0.0 1739 372 599.25 4
60 0.1 2072.0 0.0 2072 372 827.2 5
70 0.1 2378.0 0.0 2378 372 1034.6666666666667 6
80 0.1 2575.0 0.0 2575 372 1226.5714285714287 7
90 0.1 2738.0 0.0 2738 372 1395.125 8
100 0.1 3041.0 0.0 3041 372 1544.3333333333333 9
110 0.1 3571.0 0.0 3571 372 1694.0 10
120 0.1 4157.0 0.0 4157 372 1864.6363636363637 11
130 0.1 4055.0 0.0 4157 372 2055.6666666666665 12
140 0.1 6014.0 0.0 6014 372 2209.4615384615386 13
150 0.1 6344.0 0.0 6344 372 2481.214285714286 14
160 0.1 6092.0 0.0 6344 372 2738.733333333333 15
170 0.1 5972.0 0.0 6344 372 2948.3125 16
180 0.1 6261.0 0.0 6344 372 3126.176470588235 17
190 0.1 5638.0 0.0 6344 372 3300.3333333333335 18
200 0.1 6938.0 0.0 6938 372 3423.3684210526317 19
210 0.1 7370.0 0.0 7370 372 3599.1 20
220 0.1 7188.0 0.0 7370 372 3778.6666666666665 21
230 0.1 4952.0 0.0 7370 372 3933.6363636363635 22
240 0.1 1432.0 0.0 7370 372 3977.913043478261 23
243 0.1 275.0 0.0 7370 275 3871.8333333333335 24
