0 3.9 77.14953846153846 127.53692498370737 483.152 7.573 0 0
10 5.5 36.16541818181818 43.2695174176047 483.152 7.573 77.14953846153846 39
20 8.6 51.7793023255814 56.384741568906016 483.152 7.475 53.16946808510639 94
30 17.8 53.678505617977564 73.43428262098674 483.152 6.815 52.505277777777785 180
40 28.7 152.13247735191632 165.69977824586942 746.098 6.815 53.08861452513969 358
50 31.3 290.20610862619793 392.0289877131215 1614.731 6.815 97.15929457364341 645
60 38 726.7442421052634 508.5907364818308 1676.411 6.815 160.23200104384128 958
70 39.3 1509.53993129771 497.02344834191416 2416.009 6.815 321.12486472346785 1338
80 44.6 2141.4625672645766 639.1217426024986 3852.871 6.815 590.9383373772386 1731
90 52.4 2950.289889312979 2001.2718613296286 5505.9 0.498 908.5928190169964 2177
100 97.7 1384.1987062436033 1765.3254545955206 5505.9 0.495 1304.686586079231 2701
110 136.5 1318.8026549450522 2090.000660686727 5988.52 0.495 1325.807668569876 3678
120 155.7 1047.8210526653825 1793.4365935964768 5988.52 0.493 1323.9116059884989 5043
130 155.8 1084.6574801026966 1268.850252248573 5988.52 0.483 1258.7793345454547 6600
140 143.7 1117.7835664579022 1118.4727978360145 5988.52 0.483 1225.5258595243934 8158
150 143.5 1139.2210975609753 1025.1336350142087 5988.52 0.483 1209.3897808233462 9595
160 141.5 1115.6178713780955 965.1921084336885 5988.52 0.483 1200.2608542157757 11030
170 129.6 1253.3188240740744 1155.8229937154467 5988.52 0.483 1190.6369232623551 12445
180 103.1 1515.87194471387 677.9724949280534 5988.52 0.483 1196.548846954371 13741
190 97 1597.4123515463912 800.485481805309 5988.52 0.483 1218.8357487814794 14772
200 84.3 1633.0387425860015 318.6010401761508 5988.52 0.483 1242.1631090077508 15742
210 85.9 692.829828870781 447.38295232853494 5988.52 0.483 1262.0309509798017 16585
220 54.5 54.67984403669722 73.88949979519992 5988.52 0.483 1234.001613448751 17444
230 15 27.23071333333333 24.3059030191808 5988.52 0.483 1198.2725365501146 17989
240 4.6 23.197130434782608 24.025757556358126 5988.52 0.483 1188.5886359225983 18139
243 0.1 23.464 0.0 5988.52 0.483 1185.640711300523 18185
