10 0.1 349 0 349 349 0 0
20 0.1 282.0 0.0 349 282 349.0 1
30 0.1 360.0 0.0 360 282 315.5 2
40 0.1 790.0 0.0 790 282 330.3333333333333 3
50 0.1 1170.0 0.0 1170 282 445.25 4
60 0.1 1478.0 0.0 1478 282 590.2 5
70 0.1 1666.0 0.0 1666 282 738.1666666666666 6
80 0.1 1785.0 0.0 1785 282 870.7142857142857 7
90 0.1 2013.0 0.0 2013 282 985.0 8
100 0.1 2279.0 0.0 2279 282 1099.2222222222222 9
110 0.1 3152.0 0.0 3152 282 1217.2 10
120 0.1 3893.0 0.0 3893 282 1393.090909090909 11
130 0.1 3882.0 0.0 3893 282 1601.4166666666667 12
140 0.1 4712.0 0.0 4712 282 1776.8461538461538 13
150 0.1 4562.0 0.0 4712 282 1986.5 14
160 0.1 4527.0 0.0 4712 282 2158.2 15
170 0.1 4415.0 0.0 4712 282 2306.25 16
180 0.1 4213.0 0.0 4712 282 2430.294117647059 17
190 0.1 3688.0 0.0 4712 282 2529.3333333333335 18
200 0.1 4089.0 0.0 4712 282 2590.315789473684 19
210 0.1 4143.0 0.0 4712 282 2665.25 20
220 0.1 3944.0 0.0 4712 282 2735.6190476190477 21
230 0.1 2686.0 0.0 4712 282 2790.5454545454545 22
240 0.1 737.0 0.0 4712 282 2786.0 23
243 0.1 164.0 0.0 4712 164 2700.625 24
