60 0.1 67768.148 0 67768.148 67768.148 0 0
70 0.3 72595.03566666666 2972.277022663754 75167.166 67768.148 67768.148 1
80 0 0 0 75167.166 67768.148 71388.31375 4
90 0.1 77917.032 0.0 77917.032 67768.148 71388.31375 4
100 0.2 99349.1745 236.12549999999828 99585.3 67768.148 72694.0574 5
110 0.5 102306.034 7397.893353662811 114501.06 67768.148 80309.80514285713 7
120 0.3 101094.473 5050.132098624219 114501.06 67768.148 89474.90049999999 12
130 0.7 107242.3362857143 10762.951784520408 123615.809 67768.148 91798.81499999999 15
140 0.8 108388.72825 4623.274733740839 123615.809 67768.148 96712.66268181818 22
150 1.1 107982.53245454546 5335.321846520915 123615.809 67768.148 99826.28016666666 30
160 1.5 118301.90226666669 11352.390029834343 136582.442 67768.148 102014.54297560976 41
170 2.6 115390.44642307692 12357.006968655829 136582.442 67768.148 106377.2285 56
180 2.5 115452.04828 21138.70038919795 145284.188 65161.158 109235.07808536587 82
190 3.8 112583.99507894737 13180.43995559753 145284.188 65161.158 110687.64121495328 107
200 6.9 119140.05513043479 16023.377952561163 152861.48 65161.158 111184.61671034482 145
210 9.5 119703.00637894744 12740.393172342081 153717.679 65161.158 113749.68797663553 214
220 8.2 119048.39575609755 11944.341421557046 153924.124 65161.158 115579.99622330099 309
230 2.9 124491.04824137932 8430.556188022092 153924.124 65161.158 116307.38436061383 391
240 1.3 130159.53615384616 6931.894654340969 153924.124 65161.158 116872.44686666667 420
243 0 0 0 153924.124 65161.158 117271.3664064665 433
