0 22.5578125 22.5578125
10 35.440625 57.9984375
20 58.2109375 116.209375
30 115.79921875 232.00859375
40 188.234375 420.24296875
50 218.16328125 638.40625
60 277.415625 915.821875
70 270.59765625 1186.41953125
80 312.04140625 1498.4609375
90 334.09921875 1832.56015625
100 584.57578125 2417.1359375
110 808.4484375 3225.584375
120 955.5765625 4181.1609375
130 1018.2125 5199.3734375
140 955.59375 6154.9671875
150 973.259375 7128.2265625
160 986.4640625 8114.690625
170 901.4625 9016.153125
180 728.14765625 9744.30078125
190 676.90234375 10421.203125
200 541.5 10962.703125
210 517.534375 11480.2375
220 377.10078125 11857.33828125
230 97.86953125 11955.2078125
240 30.2421875 11985.45
243 0.55625 11986.00625
