0 42.30546875 42.30546875
10 201.47109375 243.7765625
20 379.2390625 623.015625
30 678.52578125 1301.54140625
40 1285.5109375 2587.05234375
50 1270.0078125 3857.06015625
60 1688.28359375 5545.34375
70 1674.0890625 7219.4328125
80 1632.54140625 8851.97421875
90 1781.0203125 10632.99453125
100 2216.29375 12849.28828125
110 1943.7671875 14793.05546875
120 2198.8640625 16991.91953125
130 3823.1375 20815.05703125
140 4647.54921875 25462.60625
150 4075.88046875 29538.48671875
160 3914.04296875 33452.5296875
170 4726.16640625 38178.69609375
180 4062.45625 42241.15234375
190 5540.44453125 47781.596875
200 6460.028125 54241.625
210 6241.98359375 60483.60859375
220 4653.9328125 65137.54140625
230 1511.0046875 66648.54609375
240 558.325 67206.87109375
243 0.1109375 67206.98203125
